1206 2622
0.00 61
0.05 61
0.10 61
0.15 61
0.20 61
0.25 61
0.30 61
0.35 61
0.40 61
0.45 61
0.50 61
0.55 61
0.60 61
0.65 61
0.70 61
0.75 61
0.80 61
0.85 61
0.90 61
0.95 61
1.00 61
1.05 61
1.10 61
1.15 61
1.20 61
1.25 61
1.30 61
1.35 61
1.40 61
1.45 61
1.50 61
1.55 61
1.60 61
1.65 61
1.70 61
1.75 61
1.80 61
1.85 61
1.90 61
1.95 76
2.00 76
2.05 76
2.10 156
2.15 9
2.20 0
2.25 0
2.30 0
2.35 0
2.40 0
2.45 0
2.50 0
2.55 0
2.60 0
2.65 0
2.70 0
2.75 0
2.80 0
2.85 25
2.90 25
2.95 25
3.00 25
3.05 26
3.10 26
3.15 27
3.20 28
3.25 30
3.30 30
3.35 30
3.40 25
3.45 26
3.50 26
3.55 27
3.60 28
3.65 30
3.70 30
3.75 31
3.80 32
3.85 33
3.90 34
3.95 35
4.00 37
4.05 37
4.10 38
4.15 38
4.20 39
4.25 39
4.30 39
4.35 38
4.40 38
4.45 37
4.50 37
4.55 35
4.60 34
4.65 33
4.70 32
4.75 31
4.80 30
4.85 30
4.90 28
4.95 27
5.00 26
5.05 26
5.10 25
5.15 25
5.20 25
5.25 26
5.30 26
5.35 27
5.40 28
5.45 30
5.50 30
5.55 31
5.60 32
5.65 33
5.70 34
5.75 35
5.80 37
5.85 37
5.90 38
5.95 38
6.00 39
6.05 39
6.10 39
6.15 38
6.20 38
6.25 37
6.30 37
6.35 35
6.40 34
6.45 33
6.50 32
6.55 31
6.60 30
6.65 30
6.70 28
6.75 27
6.80 26
6.85 26
6.90 25
6.95 25
7.00 25
7.05 26
7.10 26
7.15 27
7.20 28
7.25 30
7.30 30
7.35 31
7.40 32
7.45 33
7.50 34
7.55 35
7.60 37
7.65 37
7.70 38
7.75 38
7.80 39
7.85 39
7.90 39
7.95 38
8.00 38
8.05 37
8.10 37
8.15 35
8.20 34
8.25 33
8.30 32
8.35 31
8.40 30
8.45 30
8.50 28
8.55 27
8.60 27
8.65 26
8.70 25
8.75 25
8.80 25
8.85 26
8.90 26
8.95 27
9.00 28
9.05 30
9.10 30
9.15 31
9.20 32
9.25 33
9.30 34
9.35 35
9.40 37
9.45 37
9.50 38
9.55 38
9.60 39
9.65 39
9.70 39
9.75 38
9.80 38
9.85 37
9.90 37
9.95 35
10.00 34
10.05 33
10.10 32
10.15 31
10.20 30
10.25 30
10.30 28
10.35 27
10.40 26
10.45 26
10.50 25
10.55 25
10.60 25
10.65 26
10.70 26
10.75 27
10.80 28
10.85 30
10.90 30
10.95 31
11.00 32
11.05 33
11.10 34
11.15 35
11.20 37
11.25 37
11.30 38
11.35 38
11.40 39
11.45 39
11.50 39
11.55 38
11.60 38
11.65 37
11.70 37
11.75 35
11.80 34
11.85 33
11.90 32
11.95 31
12.00 30
12.05 30
12.10 28
12.15 27
12.20 26
12.25 26
12.30 25
12.35 25
12.40 25
12.45 26
12.50 26
12.55 27
12.60 28
12.65 30
12.70 30
12.75 31
12.80 32
12.85 33
12.90 34
12.95 35
13.00 37
13.05 37
13.10 38
13.15 38
13.20 39
13.25 39
13.30 39
13.35 38
13.40 38
13.45 37
13.50 37
13.55 35
13.60 34
13.65 33
13.70 32
13.75 31
13.80 30
13.85 30
13.90 28
13.95 27
14.00 26
14.05 26
14.10 25
14.15 25
14.20 25
14.25 26
14.30 26
14.35 27
14.40 28
14.45 30
14.50 30
14.55 31
14.60 32
14.65 33
14.70 34
14.75 35
14.80 37
14.85 37
14.90 38
14.95 38
15.00 39
15.05 39
15.10 39
15.15 38
15.20 38
15.25 37
15.30 37
15.35 35
15.40 34
15.45 33
15.50 32
15.55 31
15.60 30
15.65 30
15.70 28
15.75 27
15.80 26
15.85 26
15.90 25
15.95 25
16.00 25
16.05 26
16.10 26
16.15 27
16.20 28
16.25 30
16.30 30
16.35 31
16.40 32
16.45 33
16.50 34
16.55 35
16.60 37
16.65 37
16.70 38
16.75 38
16.80 39
16.85 39
16.90 39
16.95 38
17.00 38
17.05 37
17.10 37
17.15 35
17.20 34
17.25 33
17.30 32
17.35 31
17.40 60
17.45 60
17.50 60
17.55 60
17.60 60
17.65 60
17.70 60
17.75 60
17.80 60
17.85 60
17.90 60
17.95 60
18.00 60
18.05 60
18.10 60
18.15 60
18.20 60
18.25 60
18.30 60
18.35 60
18.40 60
18.45 60
18.50 60
18.55 60
18.60 60
18.65 60
18.70 60
18.75 60
18.80 60
18.85 60
18.90 60
18.95 60
19.00 60
19.05 60
19.10 60
19.15 60
19.20 60
19.25 60
19.30 60
19.35 60
19.40 60
19.45 60
19.50 60
19.55 60
19.60 60
19.65 60
19.70 60
19.75 60
