1206 2622
0.00 228
0.05 229
0.10 229
0.15 229
0.20 229
0.25 229
0.30 228
0.35 228
0.40 226
0.45 224
0.50 223
0.55 222
0.60 222
0.65 219
0.70 218
0.75 217
0.80 215
0.85 215
0.90 215
0.95 214
1.00 212
1.05 212
1.10 212
1.15 214
1.20 214
1.25 215
1.30 215
1.35 216
1.40 217
1.45 219
1.50 221
1.55 222
1.60 223
1.65 224
1.70 225
1.75 76
1.80 76
1.85 76
1.90 76
1.95 74
2.00 253
2.05 253
2.10 253
2.15 253
2.20 253
2.25 253
2.30 253
2.35 253
2.40 253
2.45 253
2.50 253
2.55 253
2.60 253
2.65 229
2.70 229
2.75 229
2.80 229
2.85 229
2.90 229
2.95 228
3.00 226
3.05 225
3.10 224
3.15 222
3.20 222
3.25 221
3.30 218
3.35 217
3.40 216
3.45 215
3.50 215
3.55 214
3.60 214
3.65 212
3.70 212
3.75 214
3.80 214
3.85 215
3.90 215
3.95 216
4.00 217
4.05 218
4.10 221
4.15 222
4.20 222
4.25 224
4.30 225
4.35 226
4.40 228
4.45 229
4.50 229
4.55 229
4.60 229
4.65 229
4.70 229
4.75 228
4.80 226
4.85 225
4.90 224
4.95 223
5.00 222
5.05 221
5.10 219
5.15 218
5.20 216
5.25 215
5.30 215
5.35 214
5.40 214
5.45 212
5.50 212
5.55 212
5.60 214
5.65 214
5.70 215
5.75 215
5.80 216
5.85 217
5.90 219
5.95 221
6.00 222
6.05 223
6.10 224
6.15 225
6.20 226
6.25 228
6.30 229
6.35 229
6.40 229
6.45 229
6.50 229
6.55 228
6.60 226
6.65 225
6.70 224
6.75 223
6.80 222
6.85 221
6.90 219
6.95 218
7.00 216
7.05 215
7.10 215
7.15 214
7.20 214
7.25 212
7.30 212
7.35 212
7.40 214
7.45 214
7.50 215
7.55 215
7.60 216
7.65 218
7.70 219
7.75 221
7.80 222
7.85 223
7.90 224
7.95 225
8.00 226
8.05 228
8.10 229
8.15 229
8.20 229
8.25 229
8.30 229
8.35 228
8.40 226
8.45 225
8.50 224
8.55 223
8.60 222
8.65 221
8.70 219
8.75 218
8.80 216
8.85 215
8.90 215
8.95 215
9.00 214
9.05 212
9.10 212
9.15 212
9.20 214
9.25 214
9.30 215
9.35 215
9.40 216
9.45 218
9.50 219
9.55 221
9.60 222
9.65 223
9.70 224
9.75 225
9.80 226
9.85 228
9.90 229
9.95 229
10.00 229
10.05 229
10.10 229
10.15 228
10.20 226
10.25 225
10.30 224
10.35 223
10.40 222
10.45 221
10.50 219
10.55 218
10.60 216
10.65 215
10.70 215
10.75 214
10.80 214
10.85 212
10.90 212
10.95 212
11.00 214
11.05 214
11.10 215
11.15 215
11.20 216
11.25 218
11.30 219
11.35 221
11.40 222
11.45 223
11.50 224
11.55 225
11.60 226
11.65 228
11.70 229
11.75 229
11.80 229
11.85 229
11.90 229
11.95 228
12.00 226
12.05 226
12.10 224
12.15 223
12.20 222
12.25 221
12.30 219
12.35 218
12.40 216
12.45 215
12.50 215
12.55 214
12.60 214
12.65 212
12.70 212
12.75 212
12.80 214
12.85 214
12.90 215
12.95 215
13.00 216
13.05 218
13.10 219
13.15 221
13.20 222
13.25 223
13.30 224
13.35 225
13.40 226
13.45 228
13.50 229
13.55 229
13.60 229
13.65 229
13.70 229
13.75 228
13.80 226
13.85 191
13.90 191
13.95 191
14.00 191
14.05 191
14.10 191
14.15 191
14.20 191
14.25 191
14.30 191
14.35 191
14.40 191
14.45 191
14.50 191
14.55 191
14.60 191
14.65 191
14.70 191
14.75 191
14.80 191
14.85 191
14.90 191
14.95 191
15.00 191
15.05 191
15.10 191
15.15 191
15.20 191
15.25 191
15.30 191
15.35 191
15.40 191
15.45 191
15.50 191
15.55 191
15.60 191
15.65 191
15.70 191
15.75 191
15.80 191
15.85 191
15.90 191
15.95 191
16.00 191
16.05 191
16.10 191
16.15 191
16.20 191
16.25 191
16.30 191
16.35 191
16.40 191
16.45 191
16.50 191
16.55 191
16.60 191
16.65 191
16.70 191
16.75 191
16.80 191
16.85 191
16.90 191
16.95 191
17.00 191
17.05 191
17.10 191
17.15 191
17.20 191
17.25 191
17.30 191
17.35 191
17.40 191
17.45 191
17.50 191
17.55 191
17.60 191
17.65 191
17.70 191
17.75 191
17.80 191
17.85 191
17.90 191
17.95 191
18.00 191
18.05 191
18.10 191
18.15 191
18.20 191
18.25 191
18.30 191
18.35 191
18.40 191
18.45 191
18.50 191
18.55 191
18.60 191
18.65 191
18.70 192
18.75 192
18.80 192
18.85 192
18.90 192
18.95 192
19.00 192
