  0.00  253.0
  0.05  253.0
  0.10  253.0
  0.15  253.0
  0.20  253.0
  0.25  253.0
  0.30  253.0
  0.35  253.0
  0.40  253.0
  0.45  253.0
  0.50  253.0
  0.55  253.0
  0.60  253.0
  0.65  253.0
  0.70  253.0
  0.75  253.0
  0.80  253.0
  0.85  253.0
  0.90  253.0
  0.95  253.0
  1.00  253.0
  1.05  253.0
  1.10  253.0
  1.15  253.0
  1.20  253.0
  1.25  253.0
  1.30  253.0
  1.35  253.0
  1.40  253.0
  1.45  253.0
  1.50  253.0
  1.55  253.0
  1.60  253.0
  1.65  253.0
  1.70  253.0
  1.75  253.0
  1.80  253.0
  1.85  253.0
  1.90  253.0
  1.95  253.0
  2.00  253.0
  2.05  253.0
  2.10  253.0
  2.15  253.0
  2.20  253.0
  2.25  253.0
  2.30  253.0
  2.35  253.0
  2.40  253.0
  2.45  253.0
  2.50  253.0
  2.55  253.0
  2.60  253.0
  2.65  253.0
  2.70  253.0
  2.75  253.0
  2.80  253.0
  2.85  253.0
  2.90  253.0
  2.95  253.0
  3.00  253.0
  3.05  253.0
  3.10  253.0
  3.15  253.0
  3.20  253.0
  3.25  253.0
  3.30  253.0
  3.35  253.0
  3.40  253.0
  3.45  253.0
  3.50  253.0
  3.55  253.0
  3.60  253.0
  3.65  253.0
  3.70  253.0
  3.75  253.0
  3.80  253.0
  3.85  253.0
  3.90  253.0
  3.95  253.0
  4.00  253.0
  4.05  253.0
  4.10  253.0
  4.15  253.0
  4.20  253.0
  4.25  253.0
  4.30  253.0
  4.35  253.0
  4.40  253.0
  4.45  229.0
  4.50  228.0
  4.55  226.0
  4.60  225.0
  4.65  224.0
  4.70  223.0
  4.75  222.0
  4.80  221.0
  4.85  219.0
  4.90  218.0
  4.95  216.0
  5.00  215.0
  5.05  215.0
  5.10  214.0
  5.15  214.0
  5.20  212.0
  5.25  212.0
  5.30  212.0
  5.35  214.0
  5.40  215.0
  5.45  215.0
  5.50  215.0
  5.55  216.0
  5.60  218.0
  5.65  219.0
  5.70  221.0
  5.75  222.0
  5.80  223.0
  5.85  225.0
  5.90  225.0
  5.95  226.0
  6.00  228.0
  6.05  229.0
  6.10  229.0
  6.15  229.0
  6.20  229.0
  6.25  229.0
  6.30  229.0
  6.35  229.0
  6.40  229.0
  6.45  228.0
  6.50  226.0
  6.55  225.0
  6.60  224.0
  6.65  223.0
  6.70  222.0
  6.75  221.0
  6.80  219.0
  6.85  217.0
  6.90  216.0
  6.95  215.0
  7.00  215.0
  7.05  214.0
  7.10  214.0
  7.15  212.0
  7.20  212.0
  7.25  212.0
  7.30  214.0
  7.35  215.0
  7.40  215.0
  7.45  216.0
  7.50  217.0
  7.55  219.0
  7.60  219.0
  7.65  222.0
  7.70  223.0
  7.75  223.0
  7.80  225.0
  7.85  226.0
  7.90  228.0
  7.95  229.0
  8.00  229.0
  8.05  229.0
  8.10  229.0
  8.15  229.0
  8.20  229.0
  8.25  228.0
  8.30  226.0
  8.35  225.0
  8.40  224.0
  8.45  223.0
  8.50  222.0
  8.55  221.0
  8.60  219.0
  8.65  217.0
  8.70  216.0
  8.75  215.0
  8.80  215.0
  8.85  214.0
  8.90  214.0
  8.95  212.0
  9.00  212.0
  9.05  212.0
  9.10  214.0
  9.15  215.0
  9.20  215.0
  9.25  216.0
  9.30  217.0
  9.35  218.0
  9.40  219.0
  9.45  222.0
  9.50  222.0
  9.55  223.0
  9.60  225.0
  9.65  226.0
  9.70  228.0
  9.75  229.0
  9.80  229.0
  9.85  229.0
  9.90  229.0
  9.95  229.0
 10.00  229.0
 10.05  228.0
 10.10  226.0
 10.15  225.0
 10.20  224.0
 10.25  223.0
 10.30  222.0
 10.35  219.0
 10.40  219.0
 10.45  217.0
 10.50  216.0
 10.55  215.0
 10.60  215.0
 10.65  214.0
 10.70  214.0
 10.75  212.0
 10.80  212.0
 10.85  212.0
 10.90  214.0
 10.95  215.0
 11.00  215.0
 11.05  216.0
 11.10  217.0
 11.15  218.0
 11.20  219.0
 11.25  222.0
 11.30  222.0
 11.35  223.0
 11.40  225.0
 11.45  226.0
 11.50  228.0
 11.55  229.0
 11.60  229.0
 11.65  229.0
 11.70  229.0
 11.75  229.0
 11.80  229.0
 11.85  228.0
 11.90  226.0
 11.95  225.0
 12.00  223.0
 12.05  223.0
 12.10  222.0
 12.15  221.0
 12.20  219.0
 12.25  217.0
 12.30  217.0
 12.35  215.0
 12.40  215.0
 12.45  214.0
 12.50  214.0
 12.55  212.0
 12.60  212.0
 12.65  212.0
 12.70  214.0
 12.75  215.0
 12.80  215.0
 12.85  216.0
 12.90  217.0
 12.95  218.0
 13.00  219.0
 13.05  222.0
 13.10  222.0
 13.15  223.0
 13.20  225.0
 13.25  226.0
 13.30  228.0
 13.35  229.0
 13.40  229.0
 13.45  229.0
 13.50  229.0
 13.55  229.0
 13.60  229.0
 13.65  228.0
 13.70  226.0
 13.75  225.0
 13.80  223.0
 13.85  223.0
 13.90  222.0
 13.95  219.0
 14.00  219.0
 14.05  217.0
 14.10  216.0
 14.15  215.0
 14.20  215.0
 14.25  214.0
 14.30  214.0
 14.35  212.0
 14.40  212.0
 14.45  212.0
 14.50  214.0
 14.55  215.0
 14.60  215.0
 14.65  216.0
 14.70  217.0
 14.75  218.0
 14.80  219.0
 14.85  222.0
 14.90  223.0
 14.95  223.0
 15.00  225.0
 15.05  226.0
 15.10  228.0
 15.15  229.0
 15.20  229.0
 15.25  229.0
 15.30  229.0
 15.35  229.0
 15.40  229.0
 15.45  228.0
 15.50  226.0
 15.55  225.0
 15.60  224.0
 15.65  222.0
 15.70  222.0
 15.75  219.0
 15.80  219.0
 15.85  217.0
 15.90  216.0
 15.95  215.0
 16.00  215.0
 16.05  214.0
 16.10  214.0
 16.15  212.0
 16.20  212.0
 16.25  212.0
 16.30  214.0
 16.35  215.0
 16.40  215.0
 16.45  216.0
 16.50  217.0
 16.55  218.0
 16.60  219.0
 16.65  222.0
 16.70  222.0
 16.75  223.0
 16.80  225.0
 16.85  226.0
 16.90  228.0
 16.95  229.0
 17.00  229.0
 17.05  229.0
 17.10  229.0
 17.15  229.0
 17.20  229.0
 17.25  228.0
 17.30  226.0
 17.35  225.0
 17.40  224.0
 17.45  223.0
 17.50  222.0
 17.55  221.0
 17.60  219.0
 17.65  218.0
 17.70  216.0
 17.75  215.0
 17.80  215.0
 17.85  214.0
 17.90  212.0
 17.95  212.0
 18.00  212.0
 18.05  212.0
 18.10  214.0
 18.15  215.0
 18.20  215.0
 18.25  216.0
 18.30  217.0
 18.35  218.0
 18.40  219.0
 18.45  222.0
 18.50  222.0
 18.55  223.0
 18.60  225.0
 18.65  226.0
 18.70  228.0
 18.75  229.0
 18.80  229.0
 18.85  229.0
 18.90  229.0
 18.95  229.0
 19.00  229.0
 19.05  228.0
 19.10  226.0
 19.15  225.0
 19.20  223.0
 19.25  223.0
 19.30  222.0
 19.35  219.0
 19.40  219.0
 19.45  217.0
 19.50  216.0
 19.55  215.0
 19.60  215.0
 19.65  214.0
 19.70  214.0
 19.75  212.0
 19.80  212.0
 19.85  212.0
 19.90  212.0
 19.95  212.0
 20.00  212.0
 20.05  212.0
 20.10  221.0
 20.15  221.0
 20.20  221.0
 20.25  221.0
 20.30  221.0
 20.35  221.0
 20.40  221.0
 20.45  221.0
 20.50  221.0
 20.55  221.0
 20.60  221.0
 20.65  221.0
 20.70  221.0
 20.75  221.0
 20.80  221.0
 20.85  221.0
 20.90  221.0
 20.95  221.0
 21.00  221.0
 21.05  221.0
 21.10  221.0
 21.15  221.0
 21.20  221.0
 21.25  221.0
 21.30  221.0
 21.35  221.0
 21.40  221.0
 21.45  221.0
 21.50  221.0
 21.55  221.0
 21.60  221.0
 21.65  221.0
 21.70  221.0
 21.75  221.0
 21.80  221.0
 21.85  221.0
 21.90  221.0
 21.95  221.0
 22.00  221.0
 22.05  221.0
 22.10  221.0
 22.15  221.0
 22.20  221.0
 22.25  221.0
 22.30  221.0
 22.35  221.0
 22.40  221.0
 22.45  221.0
 22.50  221.0
 22.55  221.0
 22.60  221.0
 22.65  221.0
 22.70  221.0
 22.75  221.0
 22.80  221.0
 22.85  221.0
 22.90  221.0
 22.95  221.0
 23.00  221.0
 23.05  221.0
 23.10  221.0
 23.15  221.0
 23.20  221.0
 23.25  221.0
 23.30  221.0
 23.35  221.0
 23.40  221.0
 23.45  221.0
 23.50  221.0
 23.55  221.0
 23.60  221.0
 23.65  221.0
 23.70  221.0
 23.75  221.0
 23.80  221.0
 23.85  221.0
 23.90  221.0
 23.95  221.0
 24.00  221.0
 24.05  221.0
 24.10  221.0
 24.15  221.0
 24.20  221.0
 24.25  221.0
 24.30  221.0
 24.35  221.0
 24.40  221.0
 24.45  221.0
 24.50  221.0
 24.55  221.0
 24.60  221.0
 24.65  221.0
 24.70  221.0
 24.75  221.0
 24.80  221.0
 24.85  221.0
 24.90  221.0
 24.95  221.0
 25.00  221.0
 25.05  221.0
 25.10  221.0
 25.15  221.0
 25.20  221.0
 25.25  221.0
 25.30  221.0
 25.35  221.0
 25.40  221.0
 25.45  221.0
 25.50  221.0
 25.55  221.0
 25.60  221.0
 25.65  221.0
 25.70  221.0
 25.75  221.0
 25.80  221.0
 25.85  221.0
 25.90  221.0
 25.95  221.0
 26.00  221.0
 26.05  221.0
 26.10  221.0
 26.15  221.0
 26.20  221.0
 26.25  221.0
 26.30  221.0
 26.35  221.0
 26.40  221.0
 26.45  221.0
 26.50  221.0
 26.55  221.0
 26.60  221.0
 26.65  221.0
 26.70  221.0
 26.75  221.0
 26.80  221.0
 26.85  221.0
 26.90  221.0
 26.95  221.0
 27.00  221.0
 27.05  221.0
 27.10  221.0
 27.15  221.0
 27.20  221.0
 27.25  221.0
 27.30  221.0
 27.35  221.0
 27.40  221.0
 27.45  221.0
 27.50  221.0
 27.55  221.0
 27.60  221.0
 27.65  221.0
 27.70  221.0
 27.75  221.0
 27.80  221.0
 27.85  221.0
 27.90  221.0
 27.95  221.0
 28.00  221.0
 28.05  221.0
 28.10  221.0
 28.15  221.0
 28.20  221.0
 28.25  221.0
 28.30  221.0
 28.35  221.0
 28.40  221.0
 28.45  221.0
 28.50  221.0
 28.55  221.0
 28.60  221.0
 28.65  221.0
 28.70  221.0
 28.75  221.0
 28.80  221.0
 28.85  221.0
 28.90  221.0
 28.95  221.0
 29.00  221.0
 29.05  221.0
 29.10  221.0
 29.15  221.0
 29.20  221.0
 29.25  221.0
 29.30  221.0
 29.35  221.0
 29.40  221.0
 29.45  221.0
 29.50  221.0
 29.55  221.0
 29.60  221.0
 29.65  221.0
 29.70  221.0
 29.75  221.0
 29.80  221.0
 29.85  221.0
 29.90  221.0
 29.95  221.0
 30.00  221.0
 30.05  221.0
 30.10  221.0
 30.15  221.0
 30.20  221.0
 30.25  221.0
 30.30  221.0
 30.35  221.0
 30.40  221.0
 30.45  221.0
 30.50  221.0
 30.55  221.0
 30.60  221.0
 30.65  221.0
 30.70  221.0
 30.75  221.0
 30.80  221.0
 30.85  221.0
 30.90  221.0
 30.95  221.0
 31.00  221.0
 31.05  221.0
 31.10  221.0
 31.15  221.0
 31.20  221.0
 31.25  221.0
 31.30  221.0
 31.35  221.0
 31.40  221.0
 31.45  221.0
 31.50  221.0
 31.55  221.0
 31.60  221.0
 31.65  221.0
 31.70  221.0
 31.75  221.0
 31.80  221.0
 31.85  221.0
 31.90  221.0
 31.95  221.0
 32.00  221.0
 32.05  221.0
 32.10  221.0
 32.15  221.0
 32.20  221.0
 32.25  221.0
 32.30  221.0
 32.35  221.0
 32.40  221.0
 32.45  221.0
 32.50  221.0
 32.55  221.0
 32.60  221.0
 32.65  221.0
 32.70  221.0
 32.75  221.0
 32.80  221.0
 32.85  221.0
 32.90  221.0
 32.95  221.0
 33.00  221.0
 33.05  221.0
 33.10  221.0
 33.15  221.0
 33.20  221.0
 33.25  221.0
 33.30  221.0
 33.35  221.0
 33.40  221.0
 33.45  221.0
 33.50  221.0
 33.55  221.0
 33.60  221.0
 33.65  221.0
 33.70  221.0
 33.75  221.0
 33.80  221.0
 33.85  221.0
 33.90  221.0
 33.95  221.0
 34.00  221.0
 34.05  221.0
 34.10  221.0
 34.15  221.0
 34.20  221.0
 34.25  221.0
 34.30  221.0
 34.35  221.0
 34.40  221.0
 34.45  221.0
 34.50  221.0
 34.55  221.0
 34.60  221.0
 34.65  221.0
 34.70  221.0
 34.75  221.0
 34.80  221.0
 34.85  221.0
 34.90  221.0
 34.95  221.0
 35.00  221.0
 35.05  221.0
 35.10  221.0
 35.15  221.0
 35.20  221.0
 35.25  221.0
 35.30  221.0
 35.35  221.0
 35.40  221.0
 35.45  221.0
 35.50  221.0
 35.55  221.0
 35.60  221.0
 35.65  221.0
 35.70  221.0
 35.75  221.0
 35.80  221.0
 35.85  221.0
 35.90  221.0
 35.95  221.0
 36.00  221.0
 36.05  221.0
 36.10  221.0
 36.15  221.0
 36.20  221.0
 36.25  221.0
 36.30  221.0
 36.35  221.0
 36.40  221.0
 36.45  221.0
 36.50  221.0
 36.55  221.0
 36.60  221.0
 36.65  221.0
 36.70  221.0
 36.75  221.0
 36.80  221.0
 36.85  221.0
 36.90  221.0
 36.95  221.0
 37.00  221.0
 37.05  221.0
 37.10  221.0
 37.15  221.0
 37.20  221.0
 37.25  221.0
 37.30  221.0
 37.35  221.0
 37.40  221.0
 37.45  221.0
 37.50  221.0
 37.55  221.0
 37.60  221.0
 37.65  221.0
 37.70  221.0
 37.75  221.0
 37.80  221.0
 37.85  221.0
 37.90  221.0
 37.95  221.0
 38.00  221.0
 38.05  221.0
 38.10  221.0
 38.15  221.0
 38.20  221.0
 38.25  221.0
 38.30  221.0
 38.35  221.0
 38.40  221.0
 38.45  221.0
 38.50  221.0
 38.55  221.0
 38.60  221.0
 38.65  221.0
 38.70  221.0
 38.75  221.0
 38.80  221.0
 38.85  221.0
 38.90  221.0
 38.95  221.0
 39.00  221.0
 39.05  221.0
 39.10  221.0
 39.15  221.0
 39.20  221.0
 39.25  221.0
 39.30  221.0
 39.35  221.0
 39.40  221.0
 39.45  221.0
 39.50  221.0
 39.55  221.0
 39.60  221.0
 39.65  221.0
 39.70  221.0
 39.75  221.0
 39.80  221.0
 39.85  221.0
 39.90  221.0
 39.95  221.0
 40.00  221.0
 40.05  221.0
 40.10  221.0
 40.15  221.0
 40.20  221.0
 40.25  221.0
 40.30  221.0
 40.35  221.0
 40.40  221.0
 40.45  221.0
 40.50  221.0
 40.55  221.0
 40.60  221.0
 40.65  221.0
 40.70  221.0
 40.75  221.0
 40.80  221.0
 40.85  221.0
 40.90  221.0
 40.95  221.0
 41.00  221.0
 41.05  221.0
 41.10  221.0
 41.15  221.0
 41.20  221.0
 41.25  221.0
 41.30  221.0
 41.35  221.0
 41.40  221.0
 41.45  221.0
 41.50  221.0
 41.55  221.0
 41.60  221.0
 41.65  221.0
 41.70  221.0
 41.75  221.0
 41.80  221.0
 41.85  221.0
 41.90  221.0
 41.95  221.0
 42.00  221.0
 42.05  221.0
 42.10  221.0
 42.15  221.0
 42.20  221.0
 42.25  221.0
 42.30  221.0
 42.35  221.0
 42.40  221.0
 42.45  221.0
 42.50  221.0
 42.55  221.0
 42.60  221.0
 42.65  221.0
 42.70  221.0
 42.75  221.0
 42.80  221.0
 42.85  221.0
 42.90  221.0
 42.95  221.0
 43.00  221.0
 43.05  221.0
 43.10  221.0
 43.15  221.0
 43.20  221.0
 43.25  221.0
 43.30  221.0
 43.35  221.0
 43.40  221.0
 43.45  221.0
 43.50  221.0
 43.55  221.0
 43.60  221.0
 43.65  221.0
 43.70  221.0
 43.75  221.0
 43.80  221.0
 43.85  221.0
 43.90  221.0
 43.95  221.0
 44.00  221.0
 44.05  221.0
 44.10  221.0
 44.15  221.0
 44.20  221.0
 44.25  221.0
 44.30  221.0
 44.35  221.0
 44.40  221.0
 44.45  221.0
 44.50  221.0
 44.55  221.0
 44.60  221.0
 44.65  221.0
 44.70  221.0
 44.75  221.0
 44.80  221.0
 44.85  221.0
 44.90  221.0
 44.95  221.0
 45.00  221.0
 45.05  221.0
 45.10  221.0
 45.15  221.0
 45.20  221.0
 45.25  221.0
 45.30  221.0
 45.35  221.0
 45.40  221.0
 45.45  221.0
 45.50  221.0
 45.55  221.0
 45.60  221.0
 45.65  221.0
 45.70  221.0
 45.75  221.0
 45.80  221.0
 45.85  221.0
 45.90  221.0
 45.95  221.0
 46.00  221.0
 46.05  221.0
 46.10  221.0
 46.15  221.0
 46.20  221.0
 46.25  221.0
 46.30  221.0
 46.35  221.0
 46.40  221.0
 46.45  221.0
 46.50  221.0
 46.55  221.0
 46.60  221.0
 46.65  221.0
 46.70  221.0
 46.75  221.0
 46.80  221.0
 46.85  221.0
 46.90  221.0
 46.95  221.0
 47.00  221.0
 47.05  221.0
 47.10  221.0
 47.15  221.0
 47.20  221.0
 47.25  221.0
 47.30  221.0
 47.35  221.0
 47.40  221.0
 47.45  221.0
 47.50  221.0
 47.55  221.0
 47.60  221.0
 47.65  221.0
 47.70  221.0
 47.75  221.0
 47.80  221.0
 47.85  221.0
 47.90  221.0
 47.95  221.0
 48.00  221.0
 48.05  221.0
 48.10  221.0
 48.15  221.0
 48.20  221.0
 48.25  221.0
 48.30  221.0
 48.35  221.0
 48.40  221.0
 48.45  221.0
 48.50  221.0
 48.55  221.0
 48.60  221.0
 48.65  221.0
 48.70  221.0
 48.75  221.0
 48.80  221.0
 48.85  221.0
 48.90  221.0
 48.95  221.0
 49.00  221.0
 49.05  221.0
 49.10  221.0
 49.15  221.0
 49.20  221.0
 49.25  221.0
 49.30  221.0
 49.35   48.9
 49.40   48.9
 49.45   48.9
 49.50   48.9
 49.55   48.9
 49.60   48.9
 49.65   48.9
 49.70   48.9
 49.75   48.9
 49.80   48.9
 49.85   48.9
 49.90   48.9
 49.95   48.9
 50.00   48.9
 50.05   48.9
 50.10   48.9
 50.15   48.9
 50.20   48.9
 50.25   48.9
 50.30   48.9
 50.35   48.9
 50.40   48.9
 50.45   48.9
 50.50   48.9
 50.55   48.9
 50.60   48.9
 50.65   48.9
 50.70   48.9
 50.75   48.9
 50.80   48.9
 50.85   48.9
 50.90   48.9
 50.95   48.9
 51.00   48.9
 51.05   48.9
 51.10   48.9
 51.15   48.9
 51.20   48.9
 51.25   48.9
 51.30   48.9
 51.35   48.9
 51.40   48.9
 51.45   48.9
 51.50   48.9
 51.55   48.9
 51.60   48.9
 51.65   48.9
 51.70   48.9
 51.75   48.9
 51.80   48.9
 51.85   48.9
 51.90   48.9
 51.95   48.9
 52.00   48.9
 52.05   48.9
 52.10   48.9
 52.15   48.9
 52.20   48.9
 52.25   48.9
 52.30   48.9
 52.35   48.9
 52.40   48.9
 52.45   48.9
 52.50   48.9
 52.55   48.9
 52.60   48.9
 52.65   48.9
 52.70   48.9
 52.75   48.9
 52.80   48.9
 52.85   48.9
 52.90   48.9
 52.95   48.9
 53.00   48.9
 53.05   48.9
 53.10   48.9
 53.15   48.9
 53.20   48.9
 53.25   48.9
 53.30   48.9
 53.35   48.9
 53.40   48.9
 53.45   48.9
 53.50   48.9
 53.55   48.9
 53.60   48.9
 53.65   48.9
 53.70   48.9
 53.75   48.9
 53.80   48.9
 53.85   48.9
 53.90   48.9
 53.95   48.9
 54.00   48.9
 54.05   48.9
 54.10   48.9
 54.15   48.9
 54.20   48.9
 54.25   48.9
 54.30   48.9
 54.35   48.9
 54.40   48.9
 54.45   48.9
 54.50   48.9
 54.55   48.9
 54.60   48.9
 54.65   48.9
 54.70   48.9
 54.75   48.9
 54.80   48.9
 54.85   48.9
 54.90   48.9
 54.95   48.9
 55.00   48.9
 55.05   48.9
 55.10   48.9
 55.15   48.9
 55.20   48.9
 55.25   48.9
 55.30   48.9
 55.35   48.9
 55.40   48.9
 55.45   48.9
 55.50   48.9
 55.55   48.9
 55.60   48.9
 55.65   48.9
 55.70   48.9
 55.75   48.9
 55.80   48.9
 55.85   48.9
 55.90   48.9
 55.95   48.9
 56.00   48.9
 56.05   48.9
 56.10   48.9
 56.15   48.9
 56.20   48.9
 56.25   48.9
 56.30   48.9
 56.35   48.9
 56.40   48.9
 56.45   48.9
 56.50   48.9
 56.55   48.9
 56.60   48.9
 56.65   48.9
 56.70   48.9
 56.75   48.9
 56.80   48.9
 56.85   48.9
 56.90   48.9
 56.95   48.9
 57.00   48.9
 57.05   48.9
 57.10   48.9
 57.15   48.9
 57.20   48.9
 57.25   48.9
 57.30   48.9
 57.35   48.9
 57.40   48.9
 57.45   48.9
 57.50   48.9
 57.55   48.9
 57.60   48.9
 57.65   48.9
 57.70   48.9
 57.75   48.9
 57.80   48.9
 57.85   48.9
 57.90   48.9
 57.95   48.9
