  0.00    0.0
  0.05    0.0
  0.10    0.0
  0.15    0.0
  0.20    0.0
  0.25    0.0
  0.30    0.0
  0.35    0.0
  0.40    0.0
  0.45    0.0
  0.50    0.0
  0.55    0.0
  0.60    0.0
  0.65    0.0
  0.70    0.0
  0.75    0.0
  0.80    0.0
  0.85    0.0
  0.90    0.0
  0.95    0.0
  1.00    0.0
  1.05    0.0
  1.10    0.0
  1.15    0.0
  1.20    0.0
  1.25    0.0
  1.30    0.0
  1.35    0.0
  1.40    0.0
  1.45    0.0
  1.50    0.0
  1.55    0.0
  1.60    0.0
  1.65    0.0
  1.70    0.0
  1.75    0.0
  1.80    0.0
  1.85    0.0
  1.90    0.0
  1.95    0.0
  2.00    0.0
  2.05    0.0
  2.10    0.0
  2.15    0.0
  2.20    0.0
  2.25    0.0
  2.30    0.0
  2.35    0.0
  2.40    0.0
  2.45    0.0
  2.50    0.0
  2.55    0.0
  2.60    0.0
  2.65    0.0
  2.70    0.0
  2.75    0.0
  2.80    0.0
  2.85    0.0
  2.90    0.0
  2.95    0.0
  3.00    0.0
  3.05    0.0
  3.10    0.0
  3.15    0.0
  3.20    0.0
  3.25    0.0
  3.30    0.0
  3.35    0.0
  3.40    0.0
  3.45    0.0
  3.50    0.0
  3.55    0.0
  3.60    0.0
  3.65    0.0
  3.70    0.0
  3.75    0.0
  3.80    0.0
  3.85    0.0
  3.90    0.0
  3.95    0.0
  4.00    0.0
  4.05    0.0
  4.10    0.0
  4.15    0.0
  4.20    0.0
  4.25    0.0
  4.30    0.0
  4.35    0.0
  4.40    0.0
  4.45    0.0
  4.50    0.0
  4.55    0.0
  4.60    0.0
  4.65    0.0
  4.70   32.0
  4.75   32.0
  4.80   32.0
  4.85   32.0
  4.90   32.0
  4.95   32.0
  5.00   32.0
  5.05   32.0
  5.10   32.0
  5.15   32.0
  5.20   32.0
  5.25   32.0
  5.30   32.0
  5.35   32.0
  5.40   32.0
  5.45   32.0
  5.50   32.0
  5.55   32.0
  5.60   32.0
  5.65   32.0
  5.70   32.0
  5.75   32.0
  5.80   32.0
  5.85   32.0
  5.90   32.0
  5.95   32.0
  6.00   32.0
  6.05   32.0
  6.10   32.0
  6.15   32.0
  6.20   32.0
  6.25   32.0
  6.30   32.0
  6.35   32.0
  6.40   32.0
  6.45   32.0
  6.50   32.0
  6.55   32.0
  6.60   32.0
  6.65   32.0
  6.70   32.0
  6.75   32.0
  6.80   32.0
  6.85   32.0
  6.90   32.0
  6.95   32.0
  7.00   32.0
  7.05   32.0
  7.10   32.0
  7.15   32.0
  7.20   32.0
  7.25   32.0
  7.30   32.0
  7.35   32.0
  7.40   32.0
  7.45   32.0
  7.50   32.0
  7.55   32.0
  7.60   32.0
  7.65   32.0
  7.70   32.0
  7.75   32.0
  7.80   32.0
  7.85   32.0
  7.90   32.0
  7.95   32.0
  8.00   32.0
  8.05   32.0
  8.10   32.0
  8.15   32.0
  8.20   32.0
  8.25   32.0
  8.30   32.0
  8.35   32.0
  8.40   32.0
  8.45   32.0
  8.50   32.0
  8.55   32.0
  8.60   32.0
  8.65   32.0
  8.70   32.0
  8.75   32.0
  8.80   32.0
  8.85   32.0
  8.90   32.0
  8.95   32.0
  9.00   32.0
  9.05   32.0
  9.10   32.0
  9.15   32.0
  9.20   32.0
  9.25   32.0
  9.30   32.0
  9.35   32.0
  9.40   32.0
  9.45   32.0
  9.50   32.0
  9.55   32.0
  9.60   32.0
  9.65   32.0
  9.70   32.0
  9.75   32.0
  9.80   32.0
  9.85   32.0
  9.90   32.0
  9.95   32.0
 10.00   32.0
 10.05   32.0
 10.10   32.0
 10.15   32.0
 10.20   32.0
 10.25   32.0
 10.30   32.0
 10.35   32.0
 10.40   32.0
 10.45   32.0
 10.50   32.0
 10.55   32.0
 10.60   32.0
 10.65   32.0
 10.70   32.0
 10.75   32.0
 10.80   32.0
 10.85   32.0
 10.90   32.0
 10.95   32.0
 11.00   32.0
 11.05   32.0
 11.10   32.0
 11.15   32.0
 11.20   32.0
 11.25   32.0
 11.30   32.0
 11.35   32.0
 11.40   32.0
 11.45   32.0
 11.50   32.0
 11.55   32.0
 11.60   32.0
 11.65   32.0
 11.70   32.0
 11.75   32.0
 11.80   32.0
 11.85   32.0
 11.90   32.0
 11.95   32.0
 12.00   32.0
 12.05   32.0
 12.10   32.0
 12.15   32.0
 12.20   32.0
 12.25   32.0
 12.30   32.0
 12.35   32.0
 12.40   32.0
 12.45   32.0
 12.50   32.0
 12.55   32.0
 12.60   32.0
 12.65   32.0
 12.70   32.0
 12.75   32.0
 12.80   32.0
 12.85   32.0
 12.90   32.0
 12.95   32.0
 13.00   32.0
 13.05   32.0
 13.10   32.0
 13.15   32.0
 13.20   32.0
 13.25   32.0
 13.30   32.0
 13.35   32.0
 13.40   32.0
 13.45   32.0
 13.50   32.0
 13.55   32.0
 13.60   32.0
 13.65   32.0
 13.70   32.0
 13.75   32.0
 13.80   32.0
 13.85   32.0
 13.90   32.0
 13.95   32.0
 14.00   32.0
 14.05   32.0
 14.10   32.0
 14.15   32.0
 14.20   32.0
 14.25   32.0
 14.30   32.0
 14.35   32.0
 14.40   32.0
 14.45   32.0
 14.50   32.0
 14.55   32.0
 14.60   32.0
 14.65   32.0
 14.70   32.0
 14.75   32.0
 14.80   32.0
 14.85   32.0
 14.90   32.0
 14.95   32.0
 15.00   32.0
 15.05   32.0
 15.10   32.0
 15.15   32.0
 15.20   32.0
 15.25   32.0
 15.30   32.0
 15.35   32.0
 15.40   32.0
 15.45   32.0
 15.50   32.0
 15.55   32.0
 15.60   32.0
 15.65   32.0
 15.70   32.0
 15.75   32.0
 15.80   32.0
 15.85   32.0
 15.90   32.0
 15.95   32.0
 16.00   32.0
 16.05   32.0
 16.10   32.0
 16.15   32.0
 16.20   32.0
 16.25   32.0
 16.30   32.0
 16.35   32.0
 16.40   32.0
 16.45   32.0
 16.50   32.0
 16.55   32.0
 16.60   32.0
 16.65   32.0
 16.70   32.0
 16.75   32.0
 16.80   32.0
 16.85   32.0
 16.90   32.0
 16.95   32.0
 17.00   32.0
 17.05   32.0
 17.10   32.0
 17.15   32.0
 17.20   32.0
 17.25   32.0
 17.30   32.0
 17.35   32.0
 17.40   32.0
 17.45   32.0
 17.50   32.0
 17.55   32.0
 17.60   32.0
 17.65   32.0
 17.70   32.0
 17.75   32.0
 17.80   32.0
 17.85   32.0
 17.90   32.0
 17.95   32.0
 18.00   32.0
 18.05   32.0
 18.10   32.0
 18.15   32.0
 18.20   32.0
 18.25   32.0
 18.30   32.0
 18.35   32.0
 18.40   32.0
 18.45   32.0
 18.50   32.0
 18.55   32.0
 18.60   32.0
 18.65   32.0
 18.70   32.0
 18.75   32.0
 18.80   32.0
 18.85   32.0
 18.90   32.0
 18.95   32.0
 19.00   32.0
 19.05   32.0
 19.10   32.0
 19.15   32.0
 19.20   32.0
 19.25   32.0
 19.30   32.0
 19.35   32.0
 19.40   32.0
 19.45   32.0
 19.50   32.0
 19.55   32.0
 19.60   32.0
 19.65   32.0
 19.70   25.0
 19.75   25.0
 19.80   26.0
 19.85   27.0
 19.90   28.0
 19.95   28.0
 20.00   30.0
 20.05   31.0
 20.10   32.0
 20.15   33.0
 20.20   34.0
 20.25   35.0
 20.30   37.0
 20.35   37.0
 20.40   38.0
 20.45   38.0
 20.50   39.0
 20.55   39.0
 20.60   39.0
 20.65   38.0
 20.70   38.0
 20.75   37.0
 20.80   37.0
 20.85   37.0
 20.90   35.0
 20.95   33.0
 21.00   32.0
 21.05   31.0
 21.10   30.0
 21.15   30.0
 21.20   28.0
 21.25   27.0
 21.30   26.0
 21.35   26.0
 21.40   25.0
 21.45   25.0
 21.50   25.0
 21.55   26.0
 21.60   26.0
 21.65   27.0
 21.70   28.0
 21.75   28.0
 21.80   30.0
 21.85   31.0
 21.90   32.0
 21.95   33.0
 22.00   34.0
 22.05   35.0
 22.10   37.0
 22.15   37.0
 22.20   38.0
 22.25   38.0
 22.30   39.0
 22.35   39.0
 22.40   39.0
 22.45   38.0
 22.50   38.0
 22.55   37.0
 22.60   37.0
 22.65   37.0
 22.70   35.0
 22.75   33.0
 22.80   32.0
 22.85   31.0
 22.90   30.0
 22.95   30.0
 23.00   28.0
 23.05   27.0
 23.10   26.0
 23.15   26.0
 23.20   25.0
 23.25   25.0
 23.30   25.0
 23.35   26.0
 23.40   26.0
 23.45   27.0
 23.50   28.0
 23.55   28.0
 23.60   30.0
 23.65   31.0
 23.70   32.0
 23.75   33.0
 23.80   34.0
 23.85   35.0
 23.90   37.0
 23.95   37.0
 24.00   38.0
 24.05   38.0
 24.10   39.0
 24.15   39.0
 24.20   39.0
 24.25   38.0
 24.30   38.0
 24.35   37.0
 24.40   37.0
 24.45   37.0
 24.50   35.0
 24.55   33.0
 24.60   32.0
 24.65   31.0
 24.70   30.0
 24.75   30.0
 24.80   28.0
 24.85   27.0
 24.90   26.0
 24.95   26.0
 25.00   25.0
 25.05   25.0
 25.10   25.0
 25.15   25.0
 25.20   26.0
 25.25   27.0
 25.30   28.0
 25.35   28.0
 25.40   30.0
 25.45   31.0
 25.50   32.0
 25.55   33.0
 25.60   34.0
 25.65   35.0
 25.70   37.0
 25.75   37.0
 25.80   38.0
 25.85   38.0
 25.90   39.0
 25.95   39.0
 26.00   39.0
 26.05   38.0
 26.10   38.0
 26.15   37.0
 26.20   37.0
 26.25   37.0
 26.30   35.0
 26.35   33.0
 26.40   32.0
 26.45   31.0
 26.50   30.0
 26.55   30.0
 26.60   28.0
 26.65   27.0
 26.70   26.0
 26.75   26.0
 26.80   25.0
 26.85   25.0
 26.90   25.0
 26.95   26.0
 27.00   26.0
 27.05   27.0
 27.10   27.0
 27.15   28.0
 27.20   30.0
 27.25   31.0
 27.30   32.0
 27.35   33.0
 27.40   34.0
 27.45   35.0
 27.50   37.0
 27.55   37.0
 27.60   38.0
 27.65   38.0
 27.70   39.0
 27.75   39.0
 27.80   39.0
 27.85   38.0
 27.90   38.0
 27.95   37.0
 28.00   37.0
 28.05   37.0
 28.10   35.0
 28.15   33.0
 28.20   32.0
 28.25   31.0
 28.30   30.0
 28.35   30.0
 28.40   28.0
 28.45   27.0
 28.50   26.0
 28.55   26.0
 28.60   25.0
 28.65   25.0
 28.70   25.0
 28.75   26.0
 28.80   26.0
 28.85   27.0
 28.90   28.0
 28.95   28.0
 29.00   30.0
 29.05   31.0
 29.10   32.0
 29.15   33.0
 29.20   34.0
 29.25   35.0
 29.30   37.0
 29.35   37.0
 29.40   38.0
 29.45   38.0
 29.50   39.0
 29.55   39.0
 29.60   39.0
 29.65   38.0
 29.70   38.0
 29.75   37.0
 29.80   37.0
 29.85   37.0
 29.90   35.0
 29.95   33.0
 30.00   32.0
 30.05   31.0
 30.10   30.0
 30.15   30.0
 30.20   28.0
 30.25   27.0
 30.30   26.0
 30.35   26.0
 30.40   25.0
 30.45   25.0
 30.50   25.0
 30.55   26.0
 30.60   26.0
 30.65   27.0
 30.70   28.0
 30.75   28.0
 30.80   30.0
 30.85   31.0
 30.90   32.0
 30.95   33.0
 31.00   34.0
 31.05   35.0
 31.10   37.0
 31.15   37.0
 31.20   38.0
 31.25   38.0
 31.30   39.0
 31.35   39.0
 31.40   39.0
 31.45   38.0
 31.50   38.0
 31.55   37.0
 31.60   37.0
 31.65   37.0
 31.70   35.0
 31.75   33.0
 31.80   32.0
 31.85   31.0
 31.90   30.0
 31.95   30.0
 32.00   28.0
 32.05   27.0
 32.10   26.0
 32.15   26.0
 32.20   25.0
 32.25   25.0
 32.30   25.0
 32.35   26.0
 32.40   26.0
 32.45   26.0
 32.50   28.0
 32.55   28.0
 32.60   30.0
 32.65   31.0
 32.70   32.0
 32.75   33.0
 32.80   34.0
 32.85   35.0
 32.90   37.0
 32.95   37.0
 33.00   38.0
 33.05   38.0
 33.10   39.0
 33.15   39.0
 33.20   39.0
 33.25   38.0
 33.30   38.0
 33.35   37.0
 33.40   37.0
 33.45   37.0
 33.50   35.0
 33.55   33.0
 33.60   32.0
 33.65   31.0
 33.70   30.0
 33.75   30.0
 33.80   28.0
 33.85   27.0
 33.90   26.0
 33.95   26.0
 34.00   25.0
 34.05   25.0
 34.10   25.0
 34.15   25.0
 34.20   26.0
 34.25   27.0
 34.30   28.0
 34.35   28.0
 34.40   30.0
 34.45   31.0
 34.50   32.0
 34.55   33.0
 34.60   34.0
 34.65   35.0
 34.70   37.0
 34.75   37.0
 34.80   38.0
 34.85   38.0
 34.90   39.0
 34.95   39.0
 35.00   39.0
 35.05   38.0
 35.10   38.0
 35.15   37.0
 35.20   37.0
 35.25   37.0
 35.30   35.0
 35.35   33.0
 35.40   32.0
 35.45   31.0
 35.50   30.0
 35.55   30.0
 35.60   28.0
 35.65   27.0
 35.70   26.0
 35.75   26.0
 35.80   25.0
 35.85   25.0
 35.90   25.0
 35.95   26.0
 36.00   26.0
 36.05   27.0
 36.10   28.0
 36.15   28.0
 36.20   30.0
 36.25   31.0
 36.30   32.0
 36.35   33.0
 36.40   34.0
 36.45   35.0
 36.50   37.0
 36.55   37.0
 36.60   37.0
 36.65   38.0
 36.70   39.0
 36.75   39.0
 36.80   39.0
 36.85   38.0
 36.90   38.0
 36.95   37.0
 37.00   37.0
 37.05   37.0
 37.10   35.0
 37.15   33.0
 37.20   32.0
 37.25   31.0
 37.30   30.0
 37.35   30.0
 37.40   28.0
 37.45   27.0
 37.50   26.0
 37.55   26.0
 37.60   25.0
 37.65   25.0
 37.70   25.0
 37.75   26.0
 37.80   26.0
 37.85   27.0
 37.90   28.0
 37.95   28.0
 38.00   30.0
 38.05   31.0
 38.10   32.0
 38.15   33.0
 38.20   34.0
 38.25   35.0
 38.30   37.0
 38.35   37.0
 38.40   38.0
 38.45   38.0
 38.50   39.0
 38.55   39.0
 38.60   39.0
 38.65   39.0
 38.70   38.0
 38.75   37.0
 38.80   37.0
 38.85   37.0
 38.90   35.0
 38.95   33.0
 39.00   32.0
 39.05   31.0
 39.10   30.0
 39.15   30.0
 39.20   28.0
 39.25   27.0
 39.30   26.0
 39.35   26.0
 39.40   25.0
 39.45   25.0
 39.50   25.0
 39.55   26.0
 39.60   26.0
 39.65   27.0
 39.70   28.0
 39.75   28.0
 39.80   30.0
 39.85   31.0
 39.90   32.0
 39.95   33.0
 40.00   34.0
 40.05   35.0
 40.10   37.0
 40.15   37.0
 40.20   38.0
 40.25   38.0
 40.30   39.0
 40.35   39.0
 40.40   39.0
 40.45   38.0
 40.50   38.0
 40.55   37.0
 40.60   37.0
 40.65   37.0
 40.70   35.0
 40.75   33.0
 40.80   32.0
 40.85   31.0
 40.90   30.0
 40.95   30.0
 41.00   28.0
 41.05   27.0
 41.10   26.0
 41.15   26.0
 41.20   25.0
 41.25   25.0
 41.30   25.0
 41.35   26.0
 41.40   26.0
 41.45   27.0
 41.50   28.0
 41.55   28.0
 41.60   30.0
 41.65   31.0
 41.70   32.0
 41.75   33.0
 41.80   34.0
 41.85   35.0
 41.90   37.0
 41.95   37.0
 42.00   38.0
 42.05   38.0
 42.10   39.0
 42.15   39.0
 42.20   39.0
 42.25   38.0
 42.30   38.0
 42.35   37.0
 42.40   37.0
 42.45   37.0
 42.50   35.0
 42.55   33.0
 42.60   32.0
 42.65   31.0
 42.70   30.0
 42.75   30.0
 42.80   28.0
 42.85   27.0
 42.90   26.0
 42.95   26.0
 43.00   25.0
 43.05   25.0
 43.10   25.0
 43.15   26.0
 43.20   26.0
 43.25   27.0
 43.30   28.0
 43.35   28.0
 43.40   30.0
 43.45   31.0
 43.50   32.0
 43.55   33.0
 43.60   34.0
 43.65   35.0
 43.70   37.0
 43.75   37.0
 43.80   38.0
 43.85   38.0
 43.90   39.0
 43.95   39.0
 44.00   39.0
 44.05   38.0
 44.10   38.0
 44.15   37.0
 44.20   37.0
 44.25   37.0
 44.30   35.0
 44.35   33.0
 44.40   32.0
 44.45   31.0
 44.50   30.0
 44.55   30.0
 44.60   28.0
 44.65   27.0
 44.70   26.0
 44.75   26.0
 44.80   25.0
 44.85   25.0
 44.90   25.0
 44.95   26.0
 45.00   26.0
 45.05   27.0
 45.10   28.0
 45.15   28.0
 45.20   30.0
 45.25   31.0
 45.30   32.0
 45.35   33.0
 45.40   34.0
 45.45   35.0
 45.50   37.0
 45.55   37.0
 45.60   38.0
 45.65   38.0
 45.70   39.0
 45.75   39.0
 45.80   39.0
 45.85   38.0
 45.90   38.0
 45.95   37.0
 46.00   37.0
 46.05   37.0
 46.10   35.0
 46.15   33.0
 46.20   32.0
 46.25   31.0
 46.30   30.0
 46.35   30.0
 46.40   28.0
 46.45   27.0
 46.50   26.0
 46.55   26.0
 46.60   25.0
 46.65   25.0
 46.70   25.0
 46.75   26.0
 46.80   26.0
 46.85   27.0
 46.90   28.0
 46.95   28.0
 47.00   30.0
 47.05   31.0
 47.10   32.0
 47.15   33.0
 47.20   34.0
 47.25   35.0
 47.30   37.0
 47.35   37.0
 47.40   37.0
 47.45   38.0
 47.50   39.0
 47.55   39.0
 47.60   39.0
 47.65   38.0
 47.70   38.0
 47.75   38.0
 47.80   38.0
 47.85   38.0
 47.90   38.0
 47.95  204.2
 48.00  204.2
 48.05  204.2
 48.10  204.2
 48.15  204.2
 48.20  204.2
 48.25  204.2
 48.30  204.2
 48.35  204.2
 48.40  204.2
 48.45  204.2
 48.50  204.2
 48.55  204.2
 48.60  204.2
 48.65  204.2
 48.70  204.2
 48.75  204.2
 48.80  204.2
 48.85  204.2
 48.90  204.2
 48.95  204.2
 49.00  204.2
 49.05  204.2
 49.10  204.2
 49.15  204.2
 49.20  204.2
 49.25  204.2
 49.30  204.2
 49.35  204.2
 49.40  204.2
 49.45  204.2
 49.50  204.2
 49.55  204.2
 49.60  204.2
 49.65  204.2
 49.70  204.2
 49.75  204.2
 49.80  204.2
 49.85  204.2
 49.90  204.2
 49.95  204.2
 50.00  204.2
 50.05  204.2
 50.10  204.2
 50.15  204.2
 50.20  204.2
 50.25  204.2
 50.30  204.2
 50.35  204.2
 50.40  204.2
 50.45  204.2
 50.50  204.2
 50.55  204.2
 50.60  204.2
 50.65  204.2
 50.70  204.2
 50.75  204.2
 50.80  204.2
 50.85  204.2
 50.90  204.2
 50.95  204.2
 51.00  204.2
 51.05  204.2
 51.10  204.2
 51.15  204.2
 51.20  204.2
 51.25  204.2
 51.30  204.2
 51.35  204.2
 51.40  204.2
 51.45  204.2
 51.50  204.2
 51.55  204.2
 51.60  204.2
 51.65  204.2
 51.70  204.2
 51.75  204.2
 51.80  204.2
 51.85  204.2
 51.90  204.2
 51.95  204.2
 52.00  204.2
 52.05  204.2
 52.10  204.2
 52.15  204.2
 52.20  204.2
 52.25  204.2
 52.30  204.2
 52.35  204.2
 52.40  204.2
 52.45  204.2
 52.50  204.2
 52.55  204.2
 52.60  204.2
 52.65  204.2
 52.70  204.2
 52.75  204.2
 52.80  204.2
 52.85  204.2
 52.90  204.2
 52.95  204.2
 53.00  204.2
 53.05  204.2
 53.10  204.2
 53.15  204.2
 53.20  204.2
 53.25  204.2
 53.30  204.2
 53.35  204.2
 53.40  204.2
 53.45  204.2
 53.50  204.2
 53.55  204.2
 53.60  204.2
 53.65  204.2
 53.70  204.2
 53.75  204.2
 53.80  204.2
 53.85  204.2
 53.90  204.2
 53.95  204.2
 54.00  204.2
 54.05  204.2
 54.10  204.2
 54.15  204.2
 54.20  204.2
 54.25  204.2
 54.30  204.2
 54.35  204.2
 54.40  204.2
 54.45  204.2
 54.50  204.2
 54.55  204.2
 54.60  204.2
 54.65  204.2
 54.70  204.2
 54.75  204.2
 54.80  204.2
 54.85  204.2
 54.90  204.2
 54.95  204.2
 55.00  204.2
 55.05  204.2
 55.10  204.2
 55.15  204.2
 55.20  204.2
 55.25  204.2
 55.30  204.2
 55.35  204.2
 55.40  204.2
 55.45  204.2
 55.50  204.2
 55.55  204.2
 55.60  204.2
 55.65  204.2
 55.70  204.2
 55.75  204.2
 55.80  204.2
 55.85  204.2
 55.90  204.2
 55.95  204.2
 56.00  204.2
 56.05  204.2
 56.10  204.2
 56.15  204.2
 56.20  204.2
 56.25  204.2
 56.30  204.2
 56.35  204.2
 56.40  204.2
 56.45  204.2
 56.50  204.2
 56.55  204.2
 56.60  204.2
 56.65  204.2
 56.70  204.2
 56.75  204.2
 56.80  204.2
 56.85  204.2
 56.90  204.2
 56.95  204.2
 57.00  204.2
 57.05  204.2
 57.10  204.2
 57.15  204.2
 57.20  204.2
 57.25  204.2
 57.30  204.2
 57.35  204.2
 57.40  204.2
 57.45  204.2
 57.50  204.2
 57.55  204.2
 57.60  204.2
 57.65  204.2
 57.70  204.2
 57.75  204.2
 57.80  204.2
 57.85  204.2
 57.90  204.2
 57.95  204.2
 58.00  204.2
 58.05  204.2
 58.10  204.2
 58.15  204.2
 58.20  204.2
 58.25  204.2
 58.30  204.2
 58.35  204.2
 58.40  204.2
 58.45  204.2
 58.50  204.2
 58.55  204.2
 58.60  204.2
 58.65  204.2
 58.70  204.2
 58.75  204.2
 58.80  204.2
 58.85  204.2
 58.90  204.2
 58.95  204.2
 59.00  204.2
 59.05  204.2
 59.10  204.2
 59.15  204.2
 59.20  204.2
 59.25  204.2
 59.30  204.2
 59.35  204.2
 59.40  204.2
 59.45  204.2
 59.50  204.2
 59.55  204.2
 59.60  204.2
 59.65  204.2
 59.70  204.2
 59.75  204.2
 59.80  204.2
 59.85  204.2
 59.90  204.2
 59.95  204.2
 60.00  204.2
 60.05  204.2
 60.10  204.2
 60.15  204.2
 60.20  204.2
 60.25  204.2
 60.30  204.2
 60.35  204.2
 60.40  204.2
 60.45  204.2
 60.50  204.1
 60.55  204.1
 60.60  204.1
