  0.00	 229.0	  253	  9.5%
  0.05	 229.0	  253	  9.5%
  0.10	 228.0	  253	  9.9%
  0.15	 225.0	  253	 11.1%
  0.20	 222.0	  253	 12.3%
  0.25	 218.0	  253	 13.8%
  0.30	 216.0	  253	 14.6%
  0.35	 214.0	  253	 15.4%
  0.40	 212.0	  253	 16.2%
  0.45	 212.0	  253	 16.2%
  0.50	 214.0	  253	 15.4%
  0.55	 215.0	  253	 15.0%
  0.60	 218.0	  253	 13.8%
  0.65	 218.0	  253	 13.8%
  0.70	 224.0	  253	 11.5%
  0.75	 225.0	  253	 11.1%
  0.80	 228.0	  253	  9.9%
  0.85	 229.0	  253	  9.5%
  0.90	 229.0	  253	  9.5%
  0.95	 228.0	  253	  9.9%
  1.00	 226.0	  253	 10.7%
  1.05	 224.0	  253	 11.5%
  1.10	 223.0	  253	 11.9%
  1.15	 218.0	  253	 13.8%
  1.20	 216.0	  253	 14.6%
  1.25	 215.0	  253	 15.0%
  1.30	 212.0	  253	 16.2%
  1.35	 212.0	  253	 16.2%
  1.40	 214.0	  253	 15.4%
  1.45	 215.0	  253	 15.0%
  1.50	 215.0	  253	 15.0%
  1.55	 217.0	  253	 14.2%
  1.60	 222.0	  253	 12.3%
  1.65	 225.0	  253	 11.1%
  1.70	 228.0	  253	  9.9%
  1.75	 229.0	  253	  9.5%
  1.80	 229.0	  253	  9.5%
  1.85	 228.0	  253	  9.9%
  1.90	 228.0	  253	  9.9%
  1.95	 225.0	  253	 11.1%
  2.00	 224.0	  253	 11.5%
  2.05	 224.0	  253	 11.5%
  2.10	 224.0	  253	 11.5%
  2.15	 215.0	  253	 15.0%
  2.20	 212.0	  253	 16.2%
  2.25	 212.0	  253	 16.2%
  2.30	 214.0	  253	 15.4%
  2.35	 215.0	  253	 15.0%
  2.40	 218.0	  253	 13.8%
  2.45	 222.0	  253	 12.3%
  2.50	 224.0	  253	 11.5%
  2.55	 225.0	  253	 11.1%
  2.60	 228.0	  253	  9.9%
  2.65	 228.0	  253	  9.9%
  2.70	 229.0	  253	  9.5%
  2.75	 228.0	  253	  9.9%
  2.80	 226.0	  253	 10.7%
  2.85	 225.0	  253	 11.1%
  2.90	 223.0	  253	 11.9%
  2.95	 216.0	  253	 14.6%
  3.00	 216.0	  253	 14.6%
  3.05	 214.0	  253	 15.4%
  3.10	 214.0	  253	 15.4%
  3.15	 212.0	  253	 16.2%
  3.20	 212.0	  253	 16.2%
  3.25	 212.0	  253	 16.2%
  3.30	 216.0	  253	 14.6%
  3.35	 219.0	  253	 13.4%
  3.40	 219.0	  253	 13.4%
  3.45	 225.0	  253	 11.1%
  3.50	 225.0	  253	 11.1%
  3.55	 229.0	  253	  9.5%
  3.60	 229.0	  253	  9.5%
  3.65	 228.0	  253	  9.9%
  3.70	 226.0	  253	 10.7%
  3.75	 224.0	  253	 11.5%
  3.80	 224.0	  253	 11.5%
  3.85	 224.0	  253	 11.5%
  3.90	 224.0	  253	 11.5%
  3.95	 214.0	  253	 15.4%
  4.00	 219.0	  253	 13.4%
  4.05	 219.0	  253	 13.4%
  4.10	 219.0	  253	 13.4%
  4.15	 219.0	  253	 13.4%
  4.20	 219.0	  253	 13.4%
  4.25	 219.0	  253	 13.4%
  4.30	 219.0	  253	 13.4%
  4.35	 219.0	  253	 13.4%
  4.40	 219.0	  253	 13.4%
  4.45	 219.0	  253	 13.4%
  4.50	 219.0	  253	 13.4%
  4.55	 219.0	  253	 13.4%
  4.60	 219.0	  253	 13.4%
  4.65	 219.0	  253	 13.4%
  4.70	 219.0	  253	 13.4%
  4.75	 219.0	  253	 13.4%
  4.80	 219.0	  253	 13.4%
  4.85	 219.0	  253	 13.4%
  4.90	 219.0	  253	 13.4%
  4.95	 219.0	  253	 13.4%
  5.00	 219.0	  253	 13.4%
  5.05	 219.0	  253	 13.4%
  5.10	 219.0	  253	 13.4%
  5.15	 219.0	  253	 13.4%
  5.20	 219.0	  253	 13.4%
  5.25	 219.0	  253	 13.4%
  5.30	 219.0	  253	 13.4%
  5.35	 219.0	  253	 13.4%
  5.40	 219.0	  253	 13.4%
  5.45	 219.0	  253	 13.4%
  5.50	 219.0	  253	 13.4%
  5.55	 219.0	  253	 13.4%
  5.60	 219.0	  253	 13.4%
  5.65	 219.0	  253	 13.4%
  5.70	 219.0	  253	 13.4%
  5.75	 219.0	  253	 13.4%
  5.80	 219.0	  253	 13.4%
  5.85	 219.0	  253	 13.4%
  5.90	 219.0	  253	 13.4%
  5.95	 219.0	  253	 13.4%
  6.00	 219.0	  253	 13.4%
  6.05	 219.0	  253	 13.4%
  6.10	 219.0	  253	 13.4%
  6.15	 219.0	  253	 13.4%
  6.20	 219.0	  253	 13.4%
  6.25	 219.0	  253	 13.4%
  6.30	 219.0	  253	 13.4%
  6.35	 219.0	  253	 13.4%
  6.40	 219.0	  253	 13.4%
  6.45	 219.0	  253	 13.4%
  6.50	 219.0	  253	 13.4%
  6.55	 219.0	  253	 13.4%
  6.60	 219.0	  253	 13.4%
  6.65	 219.0	  253	 13.4%
  6.70	 219.0	  253	 13.4%
  6.75	 219.0	  253	 13.4%
  6.80	 219.0	  253	 13.4%
  6.85	 219.0	  253	 13.4%
  6.90	 219.0	  253	 13.4%
  6.95	 219.0	  253	 13.4%
  7.00	 219.0	  253	 13.4%
  7.05	 219.0	  253	 13.4%
  7.10	 219.0	  253	 13.4%
  7.15	 219.0	  253	 13.4%
  7.20	 219.0	  253	 13.4%
  7.25	 219.0	  253	 13.4%
  7.30	 219.0	  253	 13.4%
  7.35	 219.0	  253	 13.4%
  7.40	 219.0	  253	 13.4%
  7.45	 219.0	  253	 13.4%
  7.50	 219.0	  253	 13.4%
  7.55	 219.0	  253	 13.4%
  7.60	 219.0	  253	 13.4%
  7.65	 219.0	  253	 13.4%
  7.70	 219.0	  253	 13.4%
  7.75	 219.0	  253	 13.4%
  7.80	 219.0	  253	 13.4%
  7.85	 219.0	  253	 13.4%
  7.90	 219.0	  253	 13.4%
  7.95	 219.0	  253	 13.4%
  8.00	 219.0	  253	 13.4%
  8.05	 219.0	  253	 13.4%
  8.10	 219.0	  253	 13.4%
  8.15	 219.0	  253	 13.4%
  8.20	 219.0	  253	 13.4%
  8.25	 219.0	  253	 13.4%
  8.30	 219.0	  253	 13.4%
  8.35	 219.0	  253	 13.4%
  8.40	 219.0	  253	 13.4%
  8.45	 219.0	  253	 13.4%
  8.50	 219.0	  253	 13.4%
  8.55	 219.0	  253	 13.4%
  8.60	 219.0	  253	 13.4%
  8.65	 219.0	  253	 13.4%
  8.70	 219.0	  253	 13.4%
  8.75	 219.0	  253	 13.4%
  8.80	 219.0	  253	 13.4%
  8.85	 219.0	  253	 13.4%
  8.90	 219.0	  253	 13.4%
  8.95	 219.0	  253	 13.4%
  9.00	 219.0	  253	 13.4%
  9.05	 219.0	  253	 13.4%
  9.10	 219.0	  253	 13.4%
  9.15	 219.0	  253	 13.4%
  9.20	 219.0	  253	 13.4%
  9.25	 219.0	  253	 13.4%
  9.30	 219.0	  253	 13.4%
  9.35	 219.0	  253	 13.4%
  9.40	 219.0	  253	 13.4%
  9.45	 219.0	  253	 13.4%
  9.50	 219.0	  253	 13.4%
  9.55	 219.0	  253	 13.4%
  9.60	 219.0	  253	 13.4%
  9.65	 219.0	  253	 13.4%
  9.70	 219.0	  253	 13.4%
  9.75	 219.0	  253	 13.4%
  9.80	 219.0	  253	 13.4%
  9.85	 219.0	  253	 13.4%
  9.90	 219.0	  253	 13.4%
  9.95	 219.0	  253	 13.4%
 10.00	 219.0	  253	 13.4%
 10.05	 219.0	  253	 13.4%
 10.10	 219.0	  253	 13.4%
 10.15	 219.0	  253	 13.4%
 10.20	 219.0	  253	 13.4%
 10.25	 219.0	  253	 13.4%
 10.30	 219.0	  253	 13.4%
 10.35	 219.0	  253	 13.4%
 10.40	 219.0	  253	 13.4%
 10.45	 219.0	  253	 13.4%
 10.50	 219.0	  253	 13.4%
 10.55	 219.0	  253	 13.4%
 10.60	 219.0	  253	 13.4%
 10.65	 219.0	  253	 13.4%
 10.70	 219.0	  253	 13.4%
 10.75	 219.0	  253	 13.4%
 10.80	 219.0	  253	 13.4%
 10.85	 219.0	  253	 13.4%
 10.90	 219.0	  253	 13.4%
 10.95	 219.0	  253	 13.4%
 11.00	 219.0	  253	 13.4%
 11.05	 219.0	  253	 13.4%
 11.10	 219.0	  253	 13.4%
 11.15	 219.0	  253	 13.4%
 11.20	 219.0	  253	 13.4%
 11.25	 219.0	  253	 13.4%
 11.30	 219.0	  253	 13.4%
 11.35	 219.0	  253	 13.4%
 11.40	 219.0	  253	 13.4%
 11.45	 219.0	  253	 13.4%
 11.50	 219.0	  253	 13.4%
 11.55	 219.0	  253	 13.4%
 11.60	 219.0	  253	 13.4%
 11.65	 219.0	  253	 13.4%
 11.70	 219.0	  253	 13.4%
 11.75	 219.0	  253	 13.4%
 11.80	 219.0	  253	 13.4%
 11.85	 219.0	  253	 13.4%
 11.90	 219.0	  253	 13.4%
 11.95	 219.0	  253	 13.4%
 12.00	 219.0	  253	 13.4%
 12.05	 219.0	  253	 13.4%
 12.10	 219.0	  253	 13.4%
 12.15	 219.0	  253	 13.4%
 12.20	 219.0	  253	 13.4%
 12.25	 219.0	  253	 13.4%
 12.30	 219.0	  253	 13.4%
 12.35	 219.0	  253	 13.4%
 12.40	 219.0	  253	 13.4%
 12.45	 219.0	  253	 13.4%
 12.50	 219.0	  253	 13.4%
 12.55	 219.0	  253	 13.4%
 12.60	 219.0	  253	 13.4%
 12.65	 219.0	  253	 13.4%
 12.70	 219.0	  253	 13.4%
 12.75	 219.0	  253	 13.4%
 12.80	 219.0	  253	 13.4%
 12.85	 219.0	  253	 13.4%
 12.90	 219.0	  253	 13.4%
 12.95	 219.0	  253	 13.4%
 13.00	 219.0	  253	 13.4%
 13.05	 219.0	  253	 13.4%
 13.10	 219.0	  253	 13.4%
 13.15	 219.0	  253	 13.4%
 13.20	 219.0	  253	 13.4%
 13.25	 219.0	  253	 13.4%
 13.30	 219.0	  253	 13.4%
 13.35	 219.0	  253	 13.4%
 13.40	 219.0	  253	 13.4%
 13.45	 219.0	  253	 13.4%
 13.50	 219.0	  253	 13.4%
 13.55	 219.0	  253	 13.4%
 13.60	 219.0	  253	 13.4%
 13.65	 219.0	  253	 13.4%
 13.70	 219.0	  253	 13.4%
 13.75	 219.0	  253	 13.4%
 13.80	 219.0	  253	 13.4%
 13.85	 219.0	  253	 13.4%
 13.90	 219.0	  253	 13.4%
 13.95	 219.0	  253	 13.4%
 14.00	 219.0	  253	 13.4%
 14.05	 219.0	  253	 13.4%
 14.10	 219.0	  253	 13.4%
 14.15	 219.0	  253	 13.4%
 14.20	 219.0	  253	 13.4%
 14.25	 219.0	  253	 13.4%
 14.30	 219.0	  253	 13.4%
 14.35	 219.0	  253	 13.4%
 14.40	 219.0	  253	 13.4%
 14.45	 219.0	  253	 13.4%
 14.50	 219.0	  253	 13.4%
 14.55	 219.0	  253	 13.4%
 14.60	 219.0	  253	 13.4%
 14.65	 219.0	  253	 13.4%
 14.70	 219.0	  253	 13.4%
 14.75	 219.0	  253	 13.4%
 14.80	 219.0	  253	 13.4%
 14.85	 219.0	  253	 13.4%
 14.90	 219.0	  253	 13.4%
 14.95	 219.0	  253	 13.4%
 15.00	 219.0	  253	 13.4%
 15.05	 219.0	  253	 13.4%
 15.10	 219.0	  253	 13.4%
 15.15	 219.0	  253	 13.4%
 15.20	 219.0	  253	 13.4%
 15.25	 219.0	  253	 13.4%
 15.30	 219.0	  253	 13.4%
 15.35	 219.0	  253	 13.4%
 15.40	 219.0	  253	 13.4%
 15.45	 219.0	  253	 13.4%
