  0.00	 229.0	  253	  9.5%
  0.05	 229.0	  253	  9.5%
  0.10	 229.0	  253	  9.5%
  0.15	 229.0	  253	  9.5%
  0.20	 229.0	  253	  9.5%
  0.25	 229.0	  253	  9.5%
  0.30	 229.0	  253	  9.5%
  0.35	 229.0	  253	  9.5%
  0.40	 228.0	  253	  9.9%
  0.45	 228.0	  253	  9.9%
  0.50	 228.0	  253	  9.9%
  0.55	 226.0	  253	 10.7%
  0.60	 225.0	  253	 11.1%
  0.65	 225.0	  253	 11.1%
  0.70	 225.0	  253	 11.1%
  0.75	 225.0	  253	 11.1%
  0.80	 224.0	  253	 11.5%
  0.85	 224.0	  253	 11.5%
  0.90	 224.0	  253	 11.5%
  0.95	 223.0	  253	 11.9%
  1.00	 222.0	  253	 12.3%
  1.05	 222.0	  253	 12.3%
  1.10	 221.0	  253	 12.6%
  1.15	 219.0	  253	 13.4%
  1.20	 218.0	  253	 13.8%
  1.25	 218.0	  253	 13.8%
  1.30	 217.0	  253	 14.2%
  1.35	 216.0	  253	 14.6%
  1.40	 216.0	  253	 14.6%
  1.45	 215.0	  253	 15.0%
  1.50	 215.0	  253	 15.0%
  1.55	 215.0	  253	 15.0%
  1.60	 215.0	  253	 15.0%
  1.65	 214.0	  253	 15.4%
  1.70	 214.0	  253	 15.4%
  1.75	 212.0	  253	 16.2%
  1.80	 212.0	  253	 16.2%
  1.85	 212.0	  253	 16.2%
  1.90	 212.0	  253	 16.2%
  1.95	 212.0	  253	 16.2%
  2.00	 212.0	  253	 16.2%
  2.05	 212.0	  253	 16.2%
  2.10	 212.0	  253	 16.2%
  2.15	 212.0	  253	 16.2%
  2.20	 214.0	  253	 15.4%
  2.25	 214.0	  253	 15.4%
  2.30	 214.0	  253	 15.4%
  2.35	 214.0	  253	 15.4%
  2.40	 215.0	  253	 15.0%
  2.45	 215.0	  253	 15.0%
  2.50	 215.0	  253	 15.0%
  2.55	 215.0	  253	 15.0%
  2.60	 217.0	  253	 14.2%
  2.65	 217.0	  253	 14.2%
  2.70	 218.0	  253	 13.8%
  2.75	 218.0	  253	 13.8%
  2.80	 218.0	  253	 13.8%
  2.85	 218.0	  253	 13.8%
  2.90	 218.0	  253	 13.8%
  2.95	 222.0	  253	 12.3%
  3.00	 222.0	  253	 12.3%
  3.05	 224.0	  253	 11.5%
  3.10	 224.0	  253	 11.5%
  3.15	 225.0	  253	 11.1%
  3.20	 225.0	  253	 11.1%
  3.25	 225.0	  253	 11.1%
  3.30	 225.0	  253	 11.1%
  3.35	 225.0	  253	 11.1%
  3.40	 228.0	  253	  9.9%
  3.45	 228.0	  253	  9.9%
  3.50	 228.0	  253	  9.9%
  3.55	 228.0	  253	  9.9%
  3.60	 228.0	  253	  9.9%
  3.65	 229.0	  253	  9.5%
  3.70	 229.0	  253	  9.5%
  3.75	 229.0	  253	  9.5%
  3.80	 229.0	  253	  9.5%
  3.85	 229.0	  253	  9.5%
  3.90	 229.0	  253	  9.5%
  3.95	 229.0	  253	  9.5%
  4.00	 228.0	  253	  9.9%
  4.05	 228.0	  253	  9.9%
  4.10	 228.0	  253	  9.9%
  4.15	 226.0	  253	 10.7%
  4.20	 225.0	  253	 11.1%
  4.25	 225.0	  253	 11.1%
  4.30	 225.0	  253	 11.1%
  4.35	 225.0	  253	 11.1%
  4.40	 225.0	  253	 11.1%
  4.45	 225.0	  253	 11.1%
  4.50	 225.0	  253	 11.1%
  4.55	 222.0	  253	 12.3%
  4.60	 222.0	  253	 12.3%
  4.65	 222.0	  253	 12.3%
  4.70	 221.0	  253	 12.6%
  4.75	 218.0	  253	 13.8%
  4.80	 218.0	  253	 13.8%
  4.85	 217.0	  253	 14.2%
  4.90	 217.0	  253	 14.2%
  4.95	 217.0	  253	 14.2%
  5.00	 216.0	  253	 14.6%
  5.05	 215.0	  253	 15.0%
  5.10	 215.0	  253	 15.0%
  5.15	 215.0	  253	 15.0%
  5.20	 214.0	  253	 15.4%
  5.25	 214.0	  253	 15.4%
  5.30	 214.0	  253	 15.4%
  5.35	 212.0	  253	 16.2%
  5.40	 212.0	  253	 16.2%
  5.45	 212.0	  253	 16.2%
  5.50	 212.0	  253	 16.2%
  5.55	 212.0	  253	 16.2%
  5.60	 212.0	  253	 16.2%
  5.65	 212.0	  253	 16.2%
  5.70	 212.0	  253	 16.2%
  5.75	 214.0	  253	 15.4%
  5.80	 214.0	  253	 15.4%
  5.85	 214.0	  253	 15.4%
  5.90	 214.0	  253	 15.4%
  5.95	 214.0	  253	 15.4%
  6.00	 215.0	  253	 15.0%
  6.05	 215.0	  253	 15.0%
  6.10	 215.0	  253	 15.0%
  6.15	 216.0	  253	 14.6%
  6.20	 216.0	  253	 14.6%
  6.25	 218.0	  253	 13.8%
  6.30	 218.0	  253	 13.8%
  6.35	 218.0	  253	 13.8%
  6.40	 218.0	  253	 13.8%
  6.45	 221.0	  253	 12.6%
  6.50	 222.0	  253	 12.3%
  6.55	 223.0	  253	 11.9%
  6.60	 223.0	  253	 11.9%
  6.65	 224.0	  253	 11.5%
  6.70	 225.0	  253	 11.1%
  6.75	 225.0	  253	 11.1%
  6.80	 225.0	  253	 11.1%
  6.85	 225.0	  253	 11.1%
  6.90	 225.0	  253	 11.1%
  6.95	 226.0	  253	 10.7%
  7.00	 226.0	  253	 10.7%
  7.05	 226.0	  253	 10.7%
  7.10	 226.0	  253	 10.7%
  7.15	 228.0	  253	  9.9%
  7.20	 228.0	  253	  9.9%
  7.25	 229.0	  253	  9.5%
  7.30	 229.0	  253	  9.5%
  7.35	 229.0	  253	  9.5%
  7.40	 229.0	  253	  9.5%
  7.45	 229.0	  253	  9.5%
  7.50	 229.0	  253	  9.5%
  7.55	 229.0	  253	  9.5%
  7.60	 228.0	  253	  9.9%
  7.65	 228.0	  253	  9.9%
  7.70	 228.0	  253	  9.9%
  7.75	 226.0	  253	 10.7%
  7.80	 226.0	  253	 10.7%
  7.85	 226.0	  253	 10.7%
  7.90	 226.0	  253	 10.7%
  7.95	 226.0	  253	 10.7%
  8.00	 224.0	  253	 11.5%
  8.05	 224.0	  253	 11.5%
  8.10	 224.0	  253	 11.5%
  8.15	 222.0	  253	 12.3%
  8.20	 222.0	  253	 12.3%
  8.25	 221.0	  253	 12.6%
  8.30	 221.0	  253	 12.6%
  8.35	 218.0	  253	 13.8%
  8.40	 218.0	  253	 13.8%
  8.45	 218.0	  253	 13.8%
  8.50	 218.0	  253	 13.8%
  8.55	 216.0	  253	 14.6%
  8.60	 216.0	  253	 14.6%
  8.65	 215.0	  253	 15.0%
  8.70	 215.0	  253	 15.0%
  8.75	 215.0	  253	 15.0%
  8.80	 215.0	  253	 15.0%
  8.85	 214.0	  253	 15.4%
  8.90	 214.0	  253	 15.4%
  8.95	 212.0	  253	 16.2%
  9.00	 212.0	  253	 16.2%
  9.05	 212.0	  253	 16.2%
  9.10	 212.0	  253	 16.2%
  9.15	 212.0	  253	 16.2%
  9.20	 212.0	  253	 16.2%
  9.25	 212.0	  253	 16.2%
  9.30	 212.0	  253	 16.2%
  9.35	 214.0	  253	 15.4%
  9.40	 214.0	  253	 15.4%
  9.45	 214.0	  253	 15.4%
  9.50	 215.0	  253	 15.0%
  9.55	 215.0	  253	 15.0%
  9.60	 215.0	  253	 15.0%
  9.65	 215.0	  253	 15.0%
  9.70	 216.0	  253	 14.6%
  9.75	 216.0	  253	 14.6%
  9.80	 217.0	  253	 14.2%
  9.85	 217.0	  253	 14.2%
  9.90	 218.0	  253	 13.8%
  9.95	 218.0	  253	 13.8%
 10.00	 219.0	  253	 13.4%
 10.05	 219.0	  253	 13.4%
 10.10	 222.0	  253	 12.3%
 10.15	 222.0	  253	 12.3%
 10.20	 222.0	  253	 12.3%
 10.25	 222.0	  253	 12.3%
 10.30	 224.0	  253	 11.5%
 10.35	 225.0	  253	 11.1%
 10.40	 225.0	  253	 11.1%
 10.45	 225.0	  253	 11.1%
 10.50	 225.0	  253	 11.1%
 10.55	 226.0	  253	 10.7%
 10.60	 226.0	  253	 10.7%
 10.65	 226.0	  253	 10.7%
 10.70	 226.0	  253	 10.7%
 10.75	 228.0	  253	  9.9%
 10.80	 229.0	  253	  9.5%
 10.85	 229.0	  253	  9.5%
 10.90	 229.0	  253	  9.5%
 10.95	 229.0	  253	  9.5%
 11.00	 229.0	  253	  9.5%
 11.05	 229.0	  253	  9.5%
 11.10	 229.0	  253	  9.5%
 11.15	 229.0	  253	  9.5%
 11.20	 228.0	  253	  9.9%
 11.25	 228.0	  253	  9.9%
 11.30	 228.0	  253	  9.9%
 11.35	 226.0	  253	 10.7%
 11.40	 226.0	  253	 10.7%
 11.45	 226.0	  253	 10.7%
 11.50	 225.0	  253	 11.1%
 11.55	 225.0	  253	 11.1%
 11.60	 224.0	  253	 11.5%
 11.65	 224.0	  253	 11.5%
 11.70	 224.0	  253	 11.5%
 11.75	 223.0	  253	 11.9%
 11.80	 221.0	  253	 12.6%
 11.85	 221.0	  253	 12.6%
 11.90	 219.0	  253	 13.4%
 11.95	 219.0	  253	 13.4%
 12.00	 218.0	  253	 13.8%
 12.05	 217.0	  253	 14.2%
 12.10	 217.0	  253	 14.2%
 12.15	 216.0	  253	 14.6%
 12.20	 215.0	  253	 15.0%
 12.25	 215.0	  253	 15.0%
 12.30	 215.0	  253	 15.0%
 12.35	 215.0	  253	 15.0%
 12.40	 214.0	  253	 15.4%
 12.45	 214.0	  253	 15.4%
 12.50	 214.0	  253	 15.4%
 12.55	 212.0	  253	 16.2%
 12.60	 212.0	  253	 16.2%
 12.65	 212.0	  253	 16.2%
 12.70	 212.0	  253	 16.2%
 12.75	 212.0	  253	 16.2%
 12.80	 212.0	  253	 16.2%
 12.85	 212.0	  253	 16.2%
 12.90	 212.0	  253	 16.2%
