  0.00	 241.5
  0.05	 241.5
  0.10	 241.5
  0.15	 241.5
  0.20	 241.5
  0.25	 241.5
  0.30	 241.5
  0.35	 241.5
  0.40	 241.5
  0.45	 241.5
  0.50	 241.5
  0.55	 241.5
  0.60	 241.5
  0.65	 241.5
  0.70	 241.5
  0.75	 241.5
  0.80	 241.5
  0.85	 223.1
  0.90	 223.1
  0.95	 223.1
  1.00	 223.1
  1.05	 222.9
  1.10	 222.9
  1.15	 222.9
  1.20	 222.9
  1.25	 222.9
  1.30	 239.8
  1.35	 231.8
  1.40	 230.9
  1.45	 230.9
  1.50	 230.9
  1.55	 230.9
  1.60	 230.9
  1.65	 232.4
  1.70	 232.4
  1.75	 231.2
  1.80	 231.2
  1.85	 231.2
  1.90	 231.2
  1.95	 231.2
  2.00	 231.2
  2.05	 231.1
  2.10	 231.1
  2.15	 231.1
  2.20	 231.1
