  0.00	  53.0	   16	 15.5%
  0.05	  53.0	   16	 15.5%
  0.10	  53.0	   16	 15.5%
  0.15	  53.0	   16	 15.5%
  0.20	  53.0	   16	 15.5%
  0.25	  53.0	   16	 15.5%
  0.30	  51.0	   16	 14.6%
  0.35	  49.0	   16	 13.8%
  0.40	  48.0	   16	 13.4%
  0.45	  48.0	   16	 13.4%
  0.50	  47.0	   16	 13.0%
  0.55	  45.0	   16	 12.1%
  0.60	  45.0	   16	 12.1%
  0.65	  44.0	   16	 11.7%
  0.70	  42.0	   16	 10.9%
  0.75	  41.0	   16	 10.5%
  0.80	  41.0	   16	 10.5%
  0.85	  40.0	   16	 10.0%
  0.90	  40.0	   16	 10.0%
  0.95	  40.0	   16	 10.0%
  1.00	  40.0	   16	 10.0%
  1.05	  41.0	   16	 10.5%
  1.10	  42.0	   16	 10.9%
  1.15	  42.0	   16	 10.9%
  1.20	  44.0	   16	 11.7%
  1.25	  45.0	   16	 12.1%
  1.30	  45.0	   16	 12.1%
  1.35	  47.0	   16	 13.0%
  1.40	  47.0	   16	 13.0%
  1.45	  48.0	   16	 13.4%
  1.50	  49.0	   16	 13.8%
  1.55	  49.0	   16	 13.8%
  1.60	  49.0	   16	 13.8%
  1.65	  49.0	   16	 13.8%
  1.70	  53.0	   16	 15.5%
  1.75	  53.0	   16	 15.5%
  1.80	  53.0	   16	 15.5%
  1.85	  53.0	   16	 15.5%
  1.90	  53.0	   16	 15.5%
  1.95	  47.0	   16	 13.0%
  2.00	  47.0	   16	 13.0%
