  0.00	 219.5	  253	 13.3%
  0.05	 219.5	  253	 13.3%
  0.10	 219.5	  253	 13.3%
  0.15	 219.5	  253	 13.3%
  0.20	 219.5	  253	 13.3%
  0.25	 219.5	  253	 13.3%
  0.30	 219.5	  253	 13.3%
  0.35	 219.5	  253	 13.3%
  0.40	 219.5	  253	 13.3%
  0.45	 219.5	  253	 13.3%
  0.50	 219.5	  253	 13.3%
  0.55	 219.5	  253	 13.3%
  0.60	 219.5	  253	 13.3%
  0.65	 219.5	  253	 13.3%
  0.70	 219.5	  253	 13.3%
  0.75	 219.5	  253	 13.3%
  0.80	 219.5	  253	 13.3%
  0.85	 219.5	  253	 13.3%
  0.90	 219.5	  253	 13.3%
  0.95	 219.5	  253	 13.3%
  1.00	 219.5	  253	 13.3%
  1.05	 219.5	  253	 13.3%
  1.10	 219.5	  253	 13.3%
  1.15	 219.5	  253	 13.3%
  1.20	 219.5	  253	 13.3%
  1.25	 219.5	  253	 13.3%
  1.30	 219.5	  253	 13.3%
  1.35	 219.5	  253	 13.3%
  1.40	 219.5	  253	 13.3%
  1.45	 219.5	  253	 13.3%
  1.50	 219.5	  253	 13.3%
  1.55	 219.5	  253	 13.3%
  1.60	 219.5	  253	 13.3%
  1.65	 219.5	  253	 13.3%
  1.70	 219.5	  253	 13.3%
  1.75	 219.5	  253	 13.3%
  1.80	 219.5	  253	 13.3%
  1.85	 219.5	  253	 13.3%
  1.90	 219.5	  253	 13.3%
  1.95	 219.5	  253	 13.3%
  2.00	 219.5	  253	 13.3%
  2.05	 219.5	  253	 13.3%
  2.10	 219.5	  253	 13.3%
  2.15	 219.5	  253	 13.3%
  2.20	 219.5	  253	 13.3%
  2.25	 219.5	  253	 13.3%
  2.30	 219.5	  253	 13.3%
  2.35	 219.5	  253	 13.3%
  2.40	 219.5	  253	 13.3%
  2.45	 219.5	  253	 13.3%
  2.50	 219.5	  253	 13.3%
  2.55	 219.5	  253	 13.3%
  2.60	 219.5	  253	 13.3%
  2.65	 219.5	  253	 13.3%
  2.70	 219.5	  253	 13.3%
  2.75	 219.5	  253	 13.3%
  2.80	 219.5	  253	 13.3%
  2.85	 219.5	  253	 13.3%
  2.90	 219.5	  253	 13.3%
  2.95	 219.5	  253	 13.3%
  3.00	 229.0	  253	  9.5%
  3.05	 229.0	  253	  9.5%
  3.10	 229.0	  253	  9.5%
  3.15	 229.0	  253	  9.5%
  3.20	 229.0	  253	  9.5%
  3.25	 226.0	  253	 10.7%
  3.30	 226.0	  253	 10.7%
  3.35	 225.0	  253	 11.1%
  3.40	 225.0	  253	 11.1%
  3.45	 225.0	  253	 11.1%
  3.50	 223.0	  253	 11.9%
  3.55	 222.0	  253	 12.3%
  3.60	 218.0	  253	 13.8%
  3.65	 218.0	  253	 13.8%
  3.70	 216.0	  253	 14.6%
  3.75	 216.0	  253	 14.6%
  3.80	 214.0	  253	 15.4%
  3.85	 214.0	  253	 15.4%
  3.90	 212.0	  253	 16.2%
  3.95	 212.0	  253	 16.2%
  4.00	 212.0	  253	 16.2%
  4.05	 212.0	  253	 16.2%
  4.10	 212.0	  253	 16.2%
  4.15	 215.0	  253	 15.0%
  4.20	 215.0	  253	 15.0%
  4.25	 215.0	  253	 15.0%
  4.30	 216.0	  253	 14.6%
  4.35	 218.0	  253	 13.8%
  4.40	 218.0	  253	 13.8%
  4.45	 219.0	  253	 13.4%
  4.50	 223.0	  253	 11.9%
  4.55	 224.0	  253	 11.5%
  4.60	 225.0	  253	 11.1%
  4.65	 226.0	  253	 10.7%
  4.70	 226.0	  253	 10.7%
  4.75	 228.0	  253	  9.9%
  4.80	 229.0	  253	  9.5%
  4.85	 229.0	  253	  9.5%
  4.90	 229.0	  253	  9.5%
  4.95	 229.0	  253	  9.5%
  5.00	 229.0	  253	  9.5%
  5.05	 226.0	  253	 10.7%
  5.10	 226.0	  253	 10.7%
  5.15	 225.0	  253	 11.1%
  5.20	 224.0	  253	 11.5%
  5.25	 224.0	  253	 11.5%
  5.30	 222.0	  253	 12.3%
  5.35	 219.0	  253	 13.4%
  5.40	 218.0	  253	 13.8%
  5.45	 216.0	  253	 14.6%
  5.50	 216.0	  253	 14.6%
  5.55	 216.0	  253	 14.6%
  5.60	 215.0	  253	 15.0%
  5.65	 215.0	  253	 15.0%
  5.70	 215.0	  253	 15.0%
  5.75	 212.0	  253	 16.2%
  5.80	 212.0	  253	 16.2%
  5.85	 212.0	  253	 16.2%
  5.90	 212.0	  253	 16.2%
  5.95	 214.0	  253	 15.4%
  6.00	 215.0	  253	 15.0%
  6.05	 215.0	  253	 15.0%
  6.10	 217.0	  253	 14.2%
  6.15	 217.0	  253	 14.2%
  6.20	 218.0	  253	 13.8%
  6.25	 219.0	  253	 13.4%
  6.30	 219.0	  253	 13.4%
  6.35	 224.0	  253	 11.5%
  6.40	 225.0	  253	 11.1%
  6.45	 225.0	  253	 11.1%
  6.50	 228.0	  253	  9.9%
  6.55	 228.0	  253	  9.9%
  6.60	 229.0	  253	  9.5%
  6.65	 229.0	  253	  9.5%
  6.70	 229.0	  253	  9.5%
  6.75	 229.0	  253	  9.5%
