  0.00	 214.0	  253	 15.4%
  0.05	 214.0	  253	 15.4%
  0.10	 214.0	  253	 15.4%
  0.15	 212.5	  253	 16.0%
  0.20	 214.0	  253	 15.4%
  0.25	 215.0	  253	 15.0%
  0.30	 218.0	  253	 13.8%
  0.35	 224.0	  253	 11.5%
  0.40	 225.0	  253	 11.1%
  0.45	 228.0	  253	  9.9%
  0.50	 228.0	  253	  9.9%
  0.55	 229.0	  253	  9.5%
  0.60	 229.0	  253	  9.5%
  0.65	 225.0	  253	 11.1%
  0.70	 224.0	  253	 11.5%
  0.75	 222.0	  253	 12.3%
  0.80	 219.0	  253	 13.4%
  0.85	 215.0	  253	 15.0%
  0.90	 215.0	  253	 15.0%
  0.95	 212.0	  253	 16.2%
  1.00	 212.0	  253	 16.2%
  1.05	 212.0	  253	 16.2%
  1.10	 215.0	  253	 15.0%
  1.15	 216.0	  253	 14.6%
  1.20	 218.0	  253	 13.8%
  1.25	 222.0	  253	 12.3%
  1.30	 225.0	  253	 11.1%
  1.35	 225.0	  253	 11.1%
  1.40	 226.0	  253	 10.7%
  1.45	 229.0	  253	  9.5%
  1.50	 228.0	  253	  9.9%
  1.55	 226.0	  253	 10.7%
  1.60	 226.0	  253	 10.7%
  1.65	 224.0	  253	 11.5%
  1.70	 217.0	  253	 14.2%
  1.75	 217.0	  253	 14.2%
  1.80	 215.0	  253	 15.0%
  1.85	 212.0	  253	 16.2%
  1.90	 212.0	  253	 16.2%
  1.95	 214.0	  253	 15.4%
  2.00	 214.0	  253	 15.4%
  2.05	 217.0	  253	 14.2%
  2.10	 218.0	  253	 13.8%
  2.15	 218.0	  253	 13.8%
  2.20	 224.0	  253	 11.5%
  2.25	 229.0	  253	  9.5%
  2.30	 229.0	  253	  9.5%
  2.35	 229.0	  253	  9.5%
  2.40	 229.0	  253	  9.5%
  2.45	 226.0	  253	 10.7%
  2.50	 223.0	  253	 11.9%
  2.55	 223.0	  253	 11.9%
  2.60	 222.0	  253	 12.3%
  2.65	 216.0	  253	 14.6%
  2.70	 215.0	  253	 15.0%
  2.75	 215.0	  253	 15.0%
  2.80	 212.0	  253	 16.2%
  2.85	 212.0	  253	 16.2%
  2.90	 215.0	  253	 15.0%
  2.95	 217.0	  253	 14.2%
  3.00	 218.0	  253	 13.8%
  3.05	 224.0	  253	 11.5%
  3.10	 224.0	  253	 11.5%
  3.15	 228.0	  253	  9.9%
  3.20	 229.0	  253	  9.5%
  3.25	 229.0	  253	  9.5%
  3.30	 229.0	  253	  9.5%
  3.35	 226.0	  253	 10.7%
  3.40	 225.0	  253	 11.1%
  3.45	 224.0	  253	 11.5%
  3.50	 224.0	  253	 11.5%
  3.55	 217.0	  253	 14.2%
  3.60	 212.0	  253	 16.2%
  3.65	 212.0	  253	 16.2%
  3.70	 212.0	  253	 16.2%
  3.75	 212.0	  253	 16.2%
  3.80	 212.0	  253	 16.2%
  3.85	 215.0	  253	 15.0%
  3.90	 215.0	  253	 15.0%
  3.95	 222.0	  253	 12.3%
  4.00	 224.0	  253	 11.5%
  4.05	 226.0	  253	 10.7%
  4.10	 226.0	  253	 10.7%
  4.15	 229.0	  253	  9.5%
  4.20	 229.0	  253	  9.5%
  4.25	 226.0	  253	 10.7%
  4.30	 224.0	  253	 11.5%
  4.35	 224.0	  253	 11.5%
  4.40	 217.0	  253	 14.2%
  4.45	 217.0	  253	 14.2%
  4.50	 215.0	  253	 15.0%
  4.55	 212.0	  253	 16.2%
  4.60	 212.0	  253	 16.2%
  4.65	 214.0	  253	 15.4%
  4.70	 214.0	  253	 15.4%
  4.75	 216.0	  253	 14.6%
  4.80	 222.0	  253	 12.3%
  4.85	 224.0	  253	 11.5%
  4.90	 225.0	  253	 11.1%
  4.95	 225.0	  253	 11.1%
  5.00	 229.0	  253	  9.5%
  5.05	 229.0	  253	  9.5%
  5.10	 228.0	  253	  9.9%
  5.15	 228.0	  253	  9.9%
  5.20	 225.0	  253	 11.1%
  5.25	 224.0	  253	 11.5%
  5.30	 218.0	  253	 13.8%
  5.35	 218.0	  253	 13.8%
  5.40	 215.0	  253	 15.0%
  5.45	 212.0	  253	 16.2%
  5.50	 212.0	  253	 16.2%
  5.55	 214.0	  253	 15.4%
  5.60	 215.0	  253	 15.0%
  5.65	 216.0	  253	 14.6%
  5.70	 219.0	  253	 13.4%
  5.75	 219.0	  253	 13.4%
  5.80	 225.0	  253	 11.1%
  5.85	 225.0	  253	 11.1%
  5.90	 229.0	  253	  9.5%
  5.95	 229.0	  253	  9.5%
  6.00	 229.0	  253	  9.5%
  6.05	 226.0	  253	 10.7%
  6.10	 226.0	  253	 10.7%
  6.15	 226.0	  253	 10.7%
  6.20	 222.0	  253	 12.3%
  6.25	 222.0	  253	 12.3%
  6.30	 222.0	  253	 12.3%
  6.35	 222.0	  253	 12.3%
  6.40	 222.0	  253	 12.3%
  6.45	 222.0	  253	 12.3%
  6.50	 222.0	  253	 12.3%
  6.55	 215.0	  253	 15.0%
  6.60	 217.0	  253	 14.2%
