  0.00	  40.0	   16	 10.0%
  0.05	  40.0	   16	 10.0%
  0.10	  40.0	   16	 10.0%
  0.15	  40.0	   16	 10.0%
  0.20	  41.0	   16	 10.5%
  0.25	  42.0	   16	 10.9%
  0.30	  44.0	   16	 11.7%
  0.35	  45.0	   16	 12.1%
  0.40	  46.0	   16	 12.6%
  0.45	  47.0	   16	 13.0%
  0.50	  47.0	   16	 13.0%
  0.55	  48.0	   16	 13.4%
  0.60	  51.0	   16	 14.6%
  0.65	  51.0	   16	 14.6%
  0.70	  52.0	   16	 15.1%
  0.75	  53.0	   16	 15.5%
  0.80	  53.0	   16	 15.5%
  0.85	  53.0	   16	 15.5%
  0.90	  53.0	   16	 15.5%
  0.95	  53.0	   16	 15.5%
  1.00	  53.0	   16	 15.5%
  1.05	  53.0	   16	 15.5%
  1.10	  52.0	   16	 15.1%
  1.15	  52.0	   16	 15.1%
  1.20	  51.0	   16	 14.6%
  1.25	  49.0	   16	 13.8%
  1.30	  48.0	   16	 13.4%
  1.35	  47.0	   16	 13.0%
  1.40	  47.0	   16	 13.0%
  1.45	  45.0	   16	 12.1%
  1.50	  45.0	   16	 12.1%
  1.55	  42.0	   16	 10.9%
  1.60	  42.0	   16	 10.9%
  1.65	  41.0	   16	 10.5%
  1.70	  41.0	   16	 10.5%
  1.75	  40.0	   16	 10.0%
  1.80	  40.0	   16	 10.0%
  1.85	  40.0	   16	 10.0%
  1.90	  40.0	   16	 10.0%
  1.95	  41.0	   16	 10.5%
  2.00	  41.0	   16	 10.5%
  2.05	  42.0	   16	 10.9%
  2.10	  44.0	   16	 11.7%
  2.15	  44.0	   16	 11.7%
  2.20	  46.0	   16	 12.6%
  2.25	  47.0	   16	 13.0%
  2.30	  47.0	   16	 13.0%
  2.35	  48.0	   16	 13.4%
  2.40	  49.0	   16	 13.8%
  2.45	  52.0	   16	 15.1%
  2.50	  52.0	   16	 15.1%
  2.55	  52.0	   16	 15.1%
  2.60	  53.0	   16	 15.5%
  2.65	  53.0	   16	 15.5%
  2.70	  53.0	   16	 15.5%
  2.75	  53.0	   16	 15.5%
  2.80	  53.0	   16	 15.5%
  2.85	  53.0	   16	 15.5%
  2.90	  52.0	   16	 15.1%
  2.95	  52.0	   16	 15.1%
  3.00	  52.0	   16	 15.1%
  3.05	  51.0	   16	 14.6%
  3.10	  48.0	   16	 13.4%
  3.15	  48.0	   16	 13.4%
  3.20	  48.0	   16	 13.4%
  3.25	  46.0	   16	 12.6%
  3.30	  46.0	   16	 12.6%
  3.35	  44.0	   16	 11.7%
  3.40	  41.0	   16	 10.5%
  3.45	  41.0	   16	 10.5%
  3.50	  40.0	   16	 10.0%
  3.55	  40.0	   16	 10.0%
  3.60	  40.0	   16	 10.0%
  3.65	  40.0	   16	 10.0%
  3.70	  40.0	   16	 10.0%
  3.75	  40.0	   16	 10.0%
  3.80	  42.0	   16	 10.9%
  3.85	  42.0	   16	 10.9%
  3.90	  42.0	   16	 10.9%
  3.95	  42.0	   16	 10.9%
  4.00	  42.0	   16	 10.9%
  4.05	  47.0	   16	 13.0%
  4.10	  47.0	   16	 13.0%
  4.15	  48.0	   16	 13.4%
  4.20	  48.0	   16	 13.4%
  4.25	  51.0	   16	 14.6%
  4.30	  52.0	   16	 15.1%
  4.35	  52.0	   16	 15.1%
  4.40	  53.0	   16	 15.5%
  4.45	  53.0	   16	 15.5%
  4.50	  53.0	   16	 15.5%
  4.55	  53.0	   16	 15.5%
  4.60	  53.0	   16	 15.5%
  4.65	  53.0	   16	 15.5%
  4.70	  52.0	   16	 15.1%
  4.75	  52.0	   16	 15.1%
  4.80	  51.0	   16	 14.6%
  4.85	  49.0	   16	 13.8%
  4.90	  48.0	   16	 13.4%
  4.95	  47.0	   16	 13.0%
  5.00	  47.0	   16	 13.0%
  5.05	  47.0	   16	 13.0%
  5.10	  45.0	   16	 12.1%
  5.15	  44.0	   16	 11.7%
  5.20	  42.0	   16	 10.9%
  5.25	  42.0	   16	 10.9%
  5.30	  40.0	   16	 10.0%
  5.35	  40.0	   16	 10.0%
  5.40	  40.0	   16	 10.0%
  5.45	  40.0	   16	 10.0%
  5.50	  40.0	   16	 10.0%
  5.55	  40.0	   16	 10.0%
  5.60	  41.0	   16	 10.5%
  5.65	  41.0	   16	 10.5%
  5.70	  42.0	   16	 10.9%
  5.75	  42.0	   16	 10.9%
  5.80	  46.0	   16	 12.6%
  5.85	  47.0	   16	 13.0%
  5.90	  47.0	   16	 13.0%
  5.95	  48.0	   16	 13.4%
  6.00	  48.0	   16	 13.4%
  6.05	  51.0	   16	 14.6%
  6.10	  51.0	   16	 14.6%
  6.15	  53.0	   16	 15.5%
  6.20	  53.0	   16	 15.5%
  6.25	  53.0	   16	 15.5%
  6.30	  53.0	   16	 15.5%
  6.35	  53.0	   16	 15.5%
  6.40	  53.0	   16	 15.5%
  6.45	  53.0	   16	 15.5%
  6.50	  53.0	   16	 15.5%
  6.55	  52.0	   16	 15.1%
  6.60	  52.0	   16	 15.1%
  6.65	  52.0	   16	 15.1%
  6.70	  48.0	   16	 13.4%
  6.75	  48.0	   16	 13.4%
  6.80	  47.0	   16	 13.0%
  6.85	  47.0	   16	 13.0%
  6.90	  45.0	   16	 12.1%
  6.95	  45.0	   16	 12.1%
  7.00	  42.0	   16	 10.9%
  7.05	  42.0	   16	 10.9%
  7.10	  42.0	   16	 10.9%
  7.15	  40.0	   16	 10.0%
  7.20	  40.0	   16	 10.0%
  7.25	  40.0	   16	 10.0%
  7.30	  41.0	   16	 10.5%
  7.35	  41.0	   16	 10.5%
  7.40	  41.0	   16	 10.5%
  7.45	  42.0	   16	 10.9%
  7.50	  45.0	   16	 12.1%
  7.55	  45.0	   16	 12.1%
  7.60	  45.0	   16	 12.1%
  7.65	  47.0	   16	 13.0%
  7.70	  47.0	   16	 13.0%
  7.75	  48.0	   16	 13.4%
  7.80	  51.0	   16	 14.6%
  7.85	  51.0	   16	 14.6%
  7.90	  52.0	   16	 15.1%
  7.95	  52.0	   16	 15.1%
  8.00	  53.0	   16	 15.5%
  8.05	  53.0	   16	 15.5%
  8.10	  53.0	   16	 15.5%
  8.15	  53.0	   16	 15.5%
  8.20	  53.0	   16	 15.5%
  8.25	  53.0	   16	 15.5%
  8.30	  53.0	   16	 15.5%
  8.35	  52.0	   16	 15.1%
  8.40	  51.0	   16	 14.6%
  8.45	  49.0	   16	 13.8%
  8.50	  48.0	   16	 13.4%
  8.55	  47.0	   16	 13.0%
  8.60	  47.0	   16	 13.0%
  8.65	  45.0	   16	 12.1%
  8.70	  45.0	   16	 12.1%
  8.75	  42.0	   16	 10.9%
  8.80	  42.0	   16	 10.9%
  8.85	  41.0	   16	 10.5%
  8.90	  41.0	   16	 10.5%
  8.95	  40.0	   16	 10.0%
  9.00	  40.0	   16	 10.0%
  9.05	  40.0	   16	 10.0%
  9.10	  40.0	   16	 10.0%
  9.15	  41.0	   16	 10.5%
  9.20	  41.0	   16	 10.5%
  9.25	  42.0	   16	 10.9%
  9.30	  44.0	   16	 11.7%
  9.35	  45.0	   16	 12.1%
  9.40	  47.0	   16	 13.0%
  9.45	  47.0	   16	 13.0%
  9.50	  47.0	   16	 13.0%
  9.55	  48.0	   16	 13.4%
  9.60	  51.0	   16	 14.6%
  9.65	  51.0	   16	 14.6%
  9.70	  52.0	   16	 15.1%
  9.75	  53.0	   16	 15.5%
  9.80	  53.0	   16	 15.5%
  9.85	  53.0	   16	 15.5%
  9.90	  53.0	   16	 15.5%
  9.95	  53.0	   16	 15.5%
 10.00	  53.0	   16	 15.5%
 10.05	  53.0	   16	 15.5%
 10.10	  53.0	   16	 15.5%
 10.15	  52.0	   16	 15.1%
 10.20	  52.0	   16	 15.1%
 10.25	  52.0	   16	 15.1%
 10.30	  48.0	   16	 13.4%
 10.35	  47.0	   16	 13.0%
 10.40	  47.0	   16	 13.0%
 10.45	  47.0	   16	 13.0%
 10.50	  45.0	   16	 12.1%
 10.55	  45.0	   16	 12.1%
 10.60	  42.0	   16	 10.9%
 10.65	  41.0	   16	 10.5%
 10.70	  41.0	   16	 10.5%
 10.75	  40.0	   16	 10.0%
 10.80	  40.0	   16	 10.0%
 10.85	  40.0	   16	 10.0%
 10.90	  41.0	   16	 10.5%
 10.95	  41.0	   16	 10.5%
 11.00	  42.0	   16	 10.9%
 11.05	  44.0	   16	 11.7%
 11.10	  44.0	   16	 11.7%
