0.00 202.6
0.05 202.6
0.10 202.6
0.15 202.6
0.20 202.6
0.25 202.6
0.30 202.6
0.35 202.5
0.40 202.5
0.45 202.5
0.50 202.3
0.55 202.3
0.60 202.3
0.65 202.3
0.70 202.3
0.75 214.8
0.80 233.6
0.85 253.0
0.90 253.0
0.95 253.0
1.00 253.0
1.05 253.0
1.10 253.0
1.15 253.0
1.20 253.0
1.25 253.0
1.30 253.0
1.35 253.0
1.40 253.0
1.45 253.0
1.50 253.0
1.55 253.0
1.60 253.0
1.65 253.0
1.70 253.0
1.75 253.0
1.80 253.0
1.85 253.0
1.90 253.0
1.95 253.0
2.00 253.0
2.05 253.0
2.10 253.0
2.15 253.0
2.20 253.0
2.25 253.0
2.30 253.0
2.35 253.0
2.40 253.0
2.45 253.0
2.50 253.0
2.55 253.0
2.60 253.0
2.65 253.0
2.70 253.0
2.75 253.0
2.80 253.0
2.85 253.0
2.90 253.0
2.95 253.0
3.00 253.0
3.05 253.0
3.10 253.0
3.15 253.0
3.20 253.0
3.25 253.0
3.30 253.0
3.35 253.0
3.40 253.0
3.45 253.0
3.50 253.0
3.55 253.0
3.60 253.0
3.65 253.0
3.70 253.0
3.75 253.0
3.80 253.0
3.85 253.0
3.90 253.0
3.95 253.0
4.00 253.0
4.05 253.0
4.10 253.0
4.15 253.0
4.20 253.0
4.25 253.0
4.30 253.0
4.35 253.0
4.40 253.0
4.45 253.0
4.50 253.0
4.55 253.0
4.60 229.0
4.65 229.0
4.70 229.0
4.75 229.0
4.80 229.0
4.85 229.0
4.90 229.0
4.95 229.0
5.00 229.0
5.05 229.0
5.10 229.0
5.15 228.0
5.20 228.0
5.25 226.0
5.30 225.0
5.35 224.0
5.40 224.0
5.45 222.0
5.50 218.0
5.55 218.0
5.60 218.0
5.65 216.0
5.70 215.0
5.75 214.0
5.80 214.0
5.85 212.0
5.90 212.0
5.95 212.0
6.00 212.0
6.05 212.0
6.10 214.0
6.15 216.0
6.20 216.0
6.25 216.0
6.30 218.0
6.35 218.0
6.40 219.0
6.45 219.0
6.50 222.0
6.55 224.0
6.60 224.0
6.65 225.0
6.70 226.0
6.75 229.0
6.80 229.0
6.85 229.0
6.90 229.0
6.95 228.0
7.00 226.0
7.05 225.0
7.10 225.0
7.15 224.0
7.20 222.0
7.25 222.0
7.30 218.0
7.35 218.0
7.40 216.0
7.45 215.0
7.50 215.0
7.55 214.0
7.60 212.0
7.65 212.0
7.70 212.0
7.75 212.0
7.80 214.0
7.85 214.0
7.90 195.8
# range 195.8 253.0
# minima [0.6, 1.0, 1.05, 1.1, 1.15, 1.2, 1.25, 1.3, 1.35, 1.4, 1.45, 1.5, 1.55, 1.6, 1.65, 1.7, 1.75, 1.8, 1.85, 1.9, 1.95, 2.0, 2.05, 2.1, 2.15, 2.2, 2.25, 2.3, 2.35, 2.4, 2.45, 2.5, 2.55, 2.6, 2.65, 2.7, 2.75, 2.8, 2.85, 2.9, 2.95, 3.0, 3.05, 3.1, 3.15, 3.2, 3.25, 3.3, 3.35, 3.4, 3.45, 3.5, 3.55, 3.6, 3.65, 3.7, 3.75, 3.8, 3.85, 3.9, 3.95, 4.0, 4.05, 4.1, 4.15, 4.2, 4.25, 4.3, 4.35, 4.4, 4.65, 4.7, 4.75, 4.8, 4.85, 4.9, 4.95, 5.9, 5.95, 6.0, 7.65, 7.7]
# maxima [0.1, 0.9, 0.95, 1.0, 1.05, 1.1, 1.15, 1.2, 1.25, 1.3, 1.35, 1.4, 1.45, 1.5, 1.55, 1.6, 1.65, 1.7, 1.75, 1.8, 1.85, 1.9, 1.95, 2.0, 2.05, 2.1, 2.15, 2.2, 2.25, 2.3, 2.35, 2.4, 2.45, 2.5, 2.55, 2.6, 2.65, 2.7, 2.75, 2.8, 2.85, 2.9, 2.95, 3.0, 3.05, 3.1, 3.15, 3.2, 3.25, 3.3, 3.35, 3.4, 3.45, 3.5, 3.55, 3.6, 3.65, 3.7, 3.75, 3.8, 3.85, 3.9, 3.95, 4.0, 4.05, 4.1, 4.15, 4.2, 4.25, 4.3, 4.35, 4.4, 4.45, 4.5, 4.75, 4.8, 4.85, 4.9, 4.95, 5.0, 5.05, 6.8, 6.85, 7.8]
