0.00 214.0
0.05 214.0
0.10 217.0
0.15 217.0
0.20 221.0
0.25 223.0
0.30 224.0
0.35 225.0
0.40 225.0
0.45 228.0
0.50 228.0
0.55 229.0
0.60 229.0
0.65 229.0
0.70 229.0
0.75 228.0
0.80 226.0
0.85 226.0
0.90 225.0
0.95 224.0
1.00 223.0
1.05 219.0
1.10 219.0
1.15 218.0
1.20 217.0
1.25 215.0
1.30 215.0
1.35 214.0
1.40 212.0
1.45 212.0
1.50 212.0
1.55 212.0
1.60 212.0
1.65 214.0
1.70 215.0
1.75 215.0
1.80 215.0
1.85 218.0
1.90 219.0
1.95 219.0
2.00 219.0
2.05 219.0
2.10 225.0
2.15 225.0
2.20 226.0
2.25 226.0
2.30 228.0
2.35 228.0
2.40 228.0
2.45 229.0
2.50 229.0
2.55 229.0
2.60 225.0
2.65 225.0
2.70 225.0
2.75 224.0
2.80 223.0
2.85 222.0
2.90 218.0
2.95 218.0
3.00 217.0
3.05 217.0
3.10 217.0
3.15 217.0
3.20 212.0
3.25 212.0
3.30 212.0
3.35 212.0
3.40 212.0
3.45 214.0
3.50 215.0
3.55 215.0
3.60 215.0
3.65 218.0
3.70 219.0
3.75 219.0
3.80 219.0
3.85 223.0
3.90 223.0
3.95 223.0
4.00 225.0
4.05 225.0
4.10 229.0
4.15 229.0
4.20 229.0
4.25 229.0
4.30 229.0
4.35 228.0
4.40 225.0
4.45 225.0
4.50 225.0
4.55 224.0
4.60 222.0
4.65 222.0
4.70 219.0
4.75 218.0
4.80 218.0
4.85 218.0
4.90 215.0
4.95 215.0
5.00 212.0
5.05 212.0
5.10 212.0
5.15 212.0
5.20 212.0
5.25 214.0
5.30 215.0
5.35 215.0
5.40 216.0
5.45 216.0
5.50 218.0
5.55 222.0
5.60 222.0
5.65 224.0
5.70 224.0
5.75 225.0
5.80 225.0
5.85 228.0
5.90 228.0
5.95 229.0
6.00 229.0
6.05 229.0
6.10 228.0
6.15 228.0
6.20 226.0
6.25 225.0
6.30 225.0
6.35 224.0
6.40 224.0
6.45 224.0
6.50 224.0
6.55 217.0
6.60 217.0
6.65 215.0
6.70 215.0
6.75 214.0
6.80 214.0
6.85 212.0
6.90 212.0
6.95 212.0
7.00 212.0
# range 212.0 229.0
# minima [1.45, 1.5, 1.55, 3.25, 3.3, 3.35, 5.05, 5.1, 5.15]
# maxima [0.6, 0.65, 2.5, 4.15, 4.2, 4.25, 6.0]
