0.00 42.0
0.05 42.0
0.10 41.1
0.15 41.1
0.20 40.0
0.25 40.0
0.30 41.0
0.35 41.0
0.40 42.0
0.45 42.0
0.50 45.0
0.55 45.0
0.60 47.0
0.65 47.0
0.70 48.0
0.75 48.0
0.80 51.0
0.85 52.0
0.90 52.0
0.95 53.0
1.00 53.0
1.05 53.0
1.10 53.0
1.15 53.0
1.20 53.0
1.25 53.0
1.30 53.0
1.35 52.0
1.40 51.0
1.45 51.0
1.50 48.0
1.55 48.0
1.60 48.0
1.65 48.0
1.70 48.0
1.75 48.0
1.80 48.0
1.85 47.0
1.90 47.0
1.95 46.0
2.00 46.0
2.05 46.0
2.10 45.0
2.15 40.0
2.20 40.0
2.25 42.0
2.30 42.0
2.35 46.0
2.40 46.0
2.45 47.0
2.50 47.0
2.55 49.0
2.60 49.0
2.65 52.0
2.70 52.0
2.75 53.0
2.80 53.0
2.85 53.0
2.90 53.0
2.95 53.0
3.00 53.0
3.05 53.0
3.10 53.0
3.15 51.0
3.20 51.0
3.25 48.0
3.30 47.0
3.35 47.0
3.40 45.0
3.45 45.0
3.50 44.0
3.55 42.0
3.60 41.0
3.65 41.0
3.70 40.0
3.75 40.0
3.80 40.0
3.85 40.0
3.90 40.0
3.95 41.0
4.00 42.0
4.05 42.0
4.10 45.0
4.15 45.0
4.20 45.0
4.25 47.0
4.30 47.0
4.35 48.0
4.40 51.0
4.45 51.0
4.50 53.0
4.55 53.0
4.60 53.0
4.65 53.0
4.70 53.0
4.75 53.0
4.80 53.0
4.85 53.0
4.90 53.0
4.95 52.0
5.00 51.0
5.05 48.0
5.10 48.0
5.15 47.0
5.20 47.0
5.25 47.0
5.30 44.0
5.35 42.0
5.40 41.0
5.45 41.0
5.50 40.0
5.55 40.0
5.60 40.0
5.65 40.0
5.70 40.0
5.75 41.0
5.80 41.0
5.85 42.0
5.90 45.0
5.95 45.0
6.00 47.0
6.05 47.0
6.10 47.0
6.15 48.0
6.20 49.0
6.25 52.0
6.30 53.0
6.35 53.0
6.40 53.0
6.45 53.0
6.50 53.0
6.55 53.0
6.60 53.0
6.65 53.0
6.70 53.0
6.75 51.0
6.80 51.0
6.85 48.0
6.90 48.0
# range 40.0 53.0
# minima [0.25, 1.1, 1.15, 1.55, 1.6, 1.65, 2.2, 2.9, 2.95, 3.75, 3.8, 3.85, 4.65, 4.7, 4.75, 5.55, 5.6, 5.65, 6.45, 6.5, 6.55]
# maxima [1.0, 1.05, 1.1, 1.15, 1.2, 1.25, 1.65, 1.7, 1.75, 2.8, 2.85, 2.9, 2.95, 3.0, 3.05, 4.55, 4.6, 4.65, 4.7, 4.75, 4.8, 4.85, 6.35, 6.4, 6.45, 6.5, 6.55, 6.6, 6.65]
