0.00 240
0.05 240
0.10 240
0.15 240
0.20 240
0.25 240
0.30 240
0.35 240
0.40 240
0.45 240
0.50 240
0.55 240
0.60 240
0.65 240
0.70 240
0.75 240
0.80 240
0.85 240
0.90 255
0.95 255
1.00 255
1.05 255
1.10 255
1.15 248
1.20 248
1.25 248
1.30 248
1.35 248
1.40 248
1.45 246
1.50 244
1.55 243
1.60 242
1.65 242
1.70 238
1.75 236
1.80 235
1.85 235
1.90 235
1.95 231
2.00 231
2.05 230
2.10 230
2.15 228
2.20 228
2.25 228
2.30 228
2.35 231
2.40 231
2.45 232
2.50 234
2.55 235
2.60 238
2.65 238
2.70 239
2.75 242
2.80 243
2.85 243
2.90 244
2.95 248
3.00 248
3.05 248
3.10 248
3.15 248
3.20 248
3.25 248
3.30 248
3.35 243
3.40 242
3.45 242
3.50 241
3.55 238
3.60 238
3.65 234
3.70 234
3.75 231
3.80 231
3.85 231
3.90 227
3.95 227
4.00 227
4.05 227
4.10 230
4.15 230
4.20 231
4.25 231
4.30 234
4.35 234
4.40 234
4.45 238
4.50 238
4.55 242
4.60 242
4.65 243
4.70 246
4.75 246
4.80 248
4.85 248
4.90 248
4.95 248
5.00 246
5.05 246
5.10 243
5.15 243
5.20 242
5.25 242
5.30 239
5.35 236
5.40 235
5.45 235
5.50 232
5.55 231
5.60 231
5.65 227
5.70 227
5.75 227
5.80 227
5.85 227
5.90 227
5.95 227
6.00 230
6.05 231
6.10 231
6.15 235
6.20 235
6.25 239
6.30 239
6.35 239
6.40 239
6.45 244
6.50 246
6.55 246
6.60 246
6.65 246
6.70 246
6.75 246
6.80 246
6.85 246
6.90 246
6.95 248
7.00 248
7.05 243
7.10 243
7.15 243
7.20 243
7.25 243
7.30 243
7.35 243
7.40 243
7.45 243
7.50 238
7.55 238
7.60 238
7.65 227
7.70 227
7.75 227
7.80 227
7.85 231
7.90 235
7.95 235
8.00 238
8.05 239
8.10 241
8.15 241
8.20 243
8.25 243
8.30 244
8.35 244
8.40 248
8.45 248
8.50 248
8.55 248
8.60 248
8.65 246
8.70 246
8.75 243
8.80 243
8.85 241
8.90 241
8.95 235
9.00 235
9.05 234
9.10 232
9.15 231
9.20 231
9.25 231
9.30 231
9.35 227
9.40 227
9.45 227
9.50 227
9.55 230
9.60 231
9.65 231
9.70 234
9.75 234
9.80 238
9.85 239
9.90 241
9.95 241
10.00 241
10.05 243
10.10 246
10.15 246
10.20 248
10.25 248
10.30 248
10.35 248
10.40 246
10.45 246
10.50 246
10.55 243
10.60 243
10.65 251
