# t_s mask_mean min max (crop x120-380,y156-168 of 540x1110)
0.00 196.0 196 196
0.05 196.0 196 196
0.10 196.0 196 196
0.15 196.0 196 196
0.20 196.0 196 196
0.25 196.0 196 196
0.30 196.0 196 196
0.35 196.0 196 196
0.40 196.0 196 196
0.45 196.0 196 196
0.50 196.0 196 196
0.55 196.0 196 196
0.60 196.0 196 196
0.65 196.0 196 196
0.70 196.0 196 196
0.75 196.0 196 196
0.80 196.0 196 196
0.85 196.0 196 196
0.90 196.0 196 196
0.95 196.0 196 196
1.00 196.0 196 196
1.05 196.0 196 196
1.10 196.0 196 196
1.15 196.0 196 196
1.20 196.0 196 196
1.25 196.0 196 196
1.30 196.0 196 196
1.35 196.0 196 196
1.40 175.2 0 253
1.45 208.6 0 253
1.50 253.0 253 253
1.55 253.0 253 253
1.60 253.0 253 253
1.65 253.0 253 253
1.70 253.0 253 253
1.75 253.0 253 253
1.80 253.0 253 253
1.85 253.0 253 253
1.90 253.0 253 253
1.95 253.0 253 253
2.00 253.0 253 253
2.05 253.0 253 253
2.10 253.0 253 253
2.15 253.0 253 253
2.20 253.0 253 253
2.25 253.0 253 253
2.30 253.0 253 253
2.35 253.0 253 253
2.40 253.0 253 253
2.45 253.0 253 253
2.50 253.0 253 253
2.55 253.0 253 253
2.60 253.0 253 253
2.65 253.0 253 253
2.70 253.0 253 253
2.75 253.0 253 253
2.80 253.0 253 253
2.85 253.0 253 253
2.90 253.0 253 253
2.95 253.0 253 253
3.00 253.0 253 253
3.05 253.0 253 253
3.10 253.0 253 253
3.15 253.0 253 253
3.20 253.0 253 253
3.25 253.0 253 253
3.30 253.0 253 253
3.35 253.0 253 253
3.40 253.0 253 253
3.45 253.0 253 253
3.50 253.0 253 253
3.55 253.0 253 253
3.60 253.0 253 253
3.65 253.0 253 253
3.70 253.0 253 253
3.75 253.0 253 253
3.80 253.0 253 253
3.85 253.0 253 253
3.90 253.0 253 253
3.95 253.0 253 253
4.00 253.0 253 253
4.05 253.0 253 253
4.10 253.0 253 253
4.15 253.0 253 253
4.20 253.0 253 253
4.25 253.0 253 253
4.30 253.0 253 253
4.35 253.0 253 253
4.40 253.0 253 253
4.45 253.0 253 253
4.50 253.0 253 253
4.55 253.0 253 253
4.60 253.0 253 253
4.65 253.0 253 253
4.70 253.0 253 253
4.75 253.0 253 253
4.80 253.0 253 253
4.85 253.0 253 253
4.90 253.0 253 253
4.95 253.0 253 253
5.00 253.0 253 253
5.05 253.0 253 253
5.10 253.0 253 253
5.15 253.0 253 253
5.20 253.0 253 253
5.25 253.0 253 253
5.30 253.0 253 253
5.35 253.0 253 253
5.40 253.0 253 253
5.45 253.0 253 253
5.50 253.0 253 253
5.55 253.0 253 253
5.60 253.0 253 253
5.65 253.0 253 253
5.70 253.0 253 253
5.75 253.0 253 253
5.80 253.0 253 253
5.85 253.0 253 253
5.90 253.0 253 253
5.95 253.0 253 253
6.00 253.0 253 253
6.05 253.0 253 253
6.10 253.0 253 253
6.15 253.0 253 253
6.20 253.0 253 253
6.25 253.0 253 253
6.30 253.0 253 253
6.35 253.0 253 253
6.40 253.0 253 253
6.45 253.0 253 253
6.50 253.0 253 253
6.55 253.0 253 253
6.60 253.0 253 253
6.65 253.0 253 253
6.70 253.0 253 253
6.75 253.0 253 253
6.80 253.0 253 253
6.85 253.0 253 253
6.90 253.0 253 253
6.95 253.0 253 253
7.00 253.0 253 253
7.05 253.0 253 253
7.10 253.0 253 253
7.15 253.0 253 253
7.20 253.0 253 253
7.25 253.0 253 253
7.30 253.0 253 253
7.35 253.0 253 253
7.40 253.0 253 253
7.45 253.0 253 253
7.50 253.0 253 253
7.55 253.0 253 253
7.60 253.0 253 253
7.65 253.0 253 253
7.70 253.0 253 253
7.75 253.0 253 253
7.80 253.0 253 253
7.85 230.0 230 230
7.90 230.0 230 230
7.95 230.0 230 230
8.00 230.0 230 230
8.05 230.0 230 230
8.10 230.0 230 230
8.15 228.0 228 228
8.20 228.0 228 228
8.25 226.0 226 226
8.30 225.0 225 225
8.35 224.0 224 224
8.40 223.0 223 223
8.45 221.0 221 221
8.50 219.0 219 219
8.55 217.0 217 217
8.60 216.0 216 216
8.65 216.0 216 216
8.70 215.0 215 215
8.75 214.0 214 214
8.80 214.0 214 214
8.85 214.0 214 214
8.90 214.0 214 214
8.95 214.0 214 214
9.00 215.0 215 215
9.05 216.0 216 216
9.10 216.0 216 216
9.15 217.0 217 217
9.20 218.0 218 218
9.25 219.0 219 219
9.30 222.0 222 222
9.35 224.0 224 224
9.40 224.0 224 224
9.45 225.0 225 225
9.50 228.0 228 228
9.55 228.0 228 228
9.60 229.0 229 229
9.65 229.0 229 229
9.70 230.0 230 230
9.75 230.0 230 230
9.80 230.0 230 230
9.85 230.0 230 230
9.90 229.0 229 229
9.95 228.0 228 228
10.00 226.0 226 226
10.05 225.0 225 225
10.10 224.0 224 224
10.15 224.0 224 224
10.20 221.0 221 221
10.25 219.0 219 219
10.30 218.0 218 218
10.35 217.0 217 217
10.40 216.0 216 216
10.45 216.0 216 216
10.50 215.0 215 215
10.55 214.0 214 214
10.60 214.0 214 214
10.65 214.0 214 214
10.70 214.0 214 214
10.75 214.0 214 214
10.80 215.0 215 215
10.85 216.0 216 216
10.90 216.0 216 216
10.95 217.0 217 217
11.00 218.0 218 218
11.05 219.0 219 219
11.10 222.0 222 222
11.15 224.0 224 224
11.20 224.0 224 224
11.25 224.0 224 224
11.30 224.0 224 224
11.35 224.0 224 224
11.40 224.0 224 224
11.45 198.8 30 255
11.50 198.8 30 255
11.55 198.8 30 255
11.60 198.8 30 255
11.65 198.8 30 255
11.70 198.8 30 255
11.75 198.8 30 255
11.80 198.8 30 255
11.85 198.8 30 255
11.90 198.8 30 255
11.95 198.8 30 255
12.00 198.8 30 255
12.05 198.8 30 255
12.10 198.8 30 255
12.15 198.8 30 255
12.20 198.8 30 255
12.25 198.8 30 255
12.30 198.0 26 254
12.35 251.0 251 251
12.40 251.0 251 251
12.45 251.0 251 251
12.50 251.0 251 251
12.55 251.0 245 255
12.60 248.5 154 253
12.65 248.0 143 252
12.70 248.0 143 252
12.75 248.0 143 252
12.80 248.0 143 252
12.85 248.0 143 252
12.90 248.0 143 252
12.95 248.0 143 252
13.00 248.0 143 252
13.05 248.0 143 252
13.10 248.0 143 252
13.15 248.0 143 252
13.20 248.0 143 252
13.25 248.0 143 252
13.30 248.0 143 252
13.35 248.0 143 252
13.40 248.0 143 252
13.45 248.0 143 252
13.50 248.0 143 252
13.55 248.0 143 252
13.60 248.0 143 252
13.65 248.0 143 252
13.70 248.0 143 252
13.75 248.0 143 252
13.80 248.0 143 252
13.85 248.0 143 252
13.90 248.0 143 252
13.95 248.0 143 252
14.00 248.0 143 252
14.05 248.0 143 252
14.10 248.0 143 252
