# t_s mask_mean mask_min mask_max bg_mean (crop x120-380,y156-168 of 540x1110; bg x440-470,y140-150)
0.00 196.0 196 196 196.0
0.05 196.0 196 196 196.0
0.10 196.0 196 196 196.0
0.15 196.0 196 196 196.0
0.20 196.0 196 196 196.0
0.25 196.0 196 196 196.0
0.30 196.0 196 196 196.0
0.35 196.0 196 196 196.0
0.40 196.0 196 196 196.0
0.45 196.0 196 196 196.0
0.50 196.0 196 196 196.0
0.55 196.0 196 196 196.0
0.60 196.0 196 196 196.0
0.65 196.0 196 196 196.0
0.70 196.0 196 196 196.0
0.75 196.0 196 196 196.0
0.80 196.0 196 196 196.0
0.85 196.0 196 196 196.0
0.90 196.0 196 196 196.0
0.95 196.0 196 196 196.0
1.00 196.0 196 196 196.0
1.05 196.0 196 196 0.0
1.10 160.8 0 253 253.0
1.15 198.3 0 253 253.0
1.20 243.3 0 253 253.0
1.25 253.0 253 253 253.0
1.30 253.0 253 253 253.0
1.35 253.0 253 253 253.0
1.40 253.0 253 253 253.0
1.45 253.0 253 253 253.0
1.50 253.0 253 253 253.0
1.55 253.0 253 253 253.0
1.60 253.0 253 253 253.0
1.65 253.0 253 253 253.0
1.70 253.0 253 253 253.0
1.75 253.0 253 253 253.0
1.80 253.0 253 253 253.0
1.85 253.0 253 253 253.0
1.90 253.0 253 253 253.0
1.95 253.0 253 253 253.0
2.00 253.0 253 253 253.0
2.05 253.0 253 253 253.0
2.10 253.0 253 253 253.0
2.15 253.0 253 253 253.0
2.20 253.0 253 253 253.0
2.25 253.0 253 253 253.0
2.30 253.0 253 253 253.0
2.35 253.0 253 253 253.0
2.40 253.0 253 253 253.0
2.45 253.0 253 253 253.0
2.50 253.0 253 253 253.0
2.55 253.0 253 253 253.0
2.60 253.0 253 253 253.0
2.65 253.0 253 253 253.0
2.70 253.0 253 253 253.0
2.75 253.0 253 253 253.0
2.80 253.0 253 253 253.0
2.85 253.0 253 253 253.0
2.90 253.0 253 253 253.0
2.95 253.0 253 253 253.0
3.00 253.0 253 253 253.0
3.05 253.0 253 253 253.0
3.10 253.0 253 253 253.0
3.15 253.0 253 253 253.0
3.20 253.0 253 253 253.0
3.25 253.0 253 253 253.0
3.30 253.0 253 253 253.0
3.35 253.0 253 253 253.0
3.40 253.0 253 253 253.0
3.45 253.0 253 253 253.0
3.50 253.0 253 253 253.0
3.55 253.0 253 253 253.0
3.60 253.0 253 253 253.0
3.65 253.0 253 253 253.0
3.70 253.0 253 253 253.0
3.75 253.0 253 253 253.0
3.80 253.0 253 253 253.0
3.85 253.0 253 253 253.0
3.90 253.0 253 253 253.0
3.95 253.0 253 253 253.0
4.00 253.0 253 253 253.0
4.05 253.0 253 253 253.0
4.10 253.0 253 253 253.0
4.15 253.0 253 253 253.0
4.20 253.0 253 253 253.0
4.25 253.0 253 253 253.0
4.30 253.0 253 253 253.0
4.35 253.0 253 253 253.0
4.40 253.0 253 253 253.0
4.45 253.0 253 253 253.0
4.50 253.0 253 253 253.0
4.55 253.0 253 253 253.0
4.60 253.0 253 253 253.0
4.65 253.0 253 253 253.0
4.70 253.0 253 253 253.0
4.75 253.0 253 253 253.0
4.80 253.0 253 253 253.0
4.85 253.0 253 253 253.0
4.90 253.0 253 253 253.0
4.95 253.0 253 253 253.0
5.00 253.0 253 253 253.0
5.05 253.0 253 253 253.0
5.10 253.0 253 253 253.0
5.15 253.0 253 253 253.0
5.20 253.0 253 253 253.0
5.25 253.0 253 253 253.0
5.30 253.0 253 253 253.0
5.35 253.0 253 253 253.0
5.40 253.0 253 253 253.0
5.45 253.0 253 253 253.0
5.50 253.0 253 253 253.0
5.55 253.0 253 253 253.0
5.60 253.0 253 253 253.0
5.65 253.0 253 253 253.0
5.70 253.0 253 253 253.0
5.75 253.0 253 253 253.0
5.80 253.0 253 253 253.0
5.85 253.0 253 253 253.0
5.90 253.0 253 253 253.0
5.95 253.0 253 253 253.0
6.00 253.0 253 253 253.0
6.05 253.0 253 253 253.0
6.10 253.0 253 253 253.0
6.15 253.0 253 253 253.0
6.20 253.0 253 253 253.0
6.25 253.0 253 253 253.0
6.30 253.0 253 253 253.0
6.35 253.0 253 253 253.0
6.40 253.0 253 253 253.0
6.45 253.0 253 253 253.0
6.50 253.0 253 253 253.0
6.55 253.0 253 253 253.0
6.60 253.0 253 253 253.0
6.65 253.0 253 253 253.0
6.70 253.0 253 253 253.0
6.75 253.0 253 253 253.0
6.80 253.0 253 253 253.0
6.85 253.0 253 253 253.0
6.90 253.0 253 253 253.0
6.95 253.0 253 253 253.0
7.00 253.0 253 253 253.0
7.05 253.0 253 253 253.0
7.10 253.0 253 253 253.0
7.15 253.0 253 253 253.0
7.20 253.0 253 253 253.0
7.25 253.0 253 253 253.0
7.30 253.0 253 253 253.0
7.35 253.0 253 253 253.0
7.40 253.0 253 253 253.0
7.45 230.0 230 230 253.0
7.50 230.0 230 230 253.0
7.55 230.0 230 230 253.0
7.60 230.0 230 230 253.0
7.65 230.0 230 230 253.0
7.70 230.0 230 230 253.0
7.75 230.0 230 230 253.0
7.80 229.0 229 229 253.0
7.85 228.0 228 228 253.0
7.90 226.0 226 226 253.0
7.95 224.0 224 224 253.0
8.00 224.0 224 224 253.0
8.05 223.0 223 223 253.0
8.10 219.0 219 219 253.0
8.15 218.0 218 218 253.0
8.20 217.0 217 217 253.0
8.25 217.0 217 217 253.0
8.30 216.0 216 216 253.0
8.35 215.0 215 215 253.0
8.40 215.0 215 215 253.0
8.45 214.0 214 214 253.0
8.50 214.0 214 214 253.0
8.55 214.0 214 214 253.0
8.60 214.0 214 214 253.0
8.65 215.0 215 215 253.0
8.70 216.0 216 216 253.0
8.75 216.0 216 216 253.0
8.80 217.0 217 217 253.0
8.85 218.0 218 218 253.0
8.90 219.0 219 219 253.0
8.95 222.0 222 222 253.0
9.00 223.0 223 223 253.0
9.05 224.0 224 224 253.0
9.10 224.0 224 224 253.0
9.15 226.0 226 226 253.0
9.20 228.0 228 228 253.0
9.25 229.0 229 229 253.0
9.30 230.0 230 230 253.0
9.35 230.0 230 230 253.0
9.40 230.0 230 230 253.0
9.45 230.0 230 230 253.0
9.50 230.0 230 230 253.0
9.55 229.0 229 229 253.0
9.60 229.0 229 229 253.0
9.65 226.0 226 226 253.0
9.70 225.0 225 225 253.0
9.75 224.0 224 224 253.0
9.80 224.0 224 224 253.0
9.85 223.0 223 223 253.0
9.90 221.0 221 221 253.0
9.95 218.0 218 218 253.0
10.00 217.0 217 217 253.0
10.05 216.0 216 216 253.0
10.10 216.0 216 216 253.0
10.15 215.0 215 215 253.0
10.20 215.0 215 215 253.0
10.25 214.0 214 214 253.0
10.30 214.0 214 214 253.0
10.35 214.0 214 214 253.0
10.40 214.0 214 214 253.0
10.45 215.0 215 215 253.0
10.50 215.0 215 215 253.0
10.55 216.0 216 216 253.0
10.60 217.0 217 217 253.0
10.65 217.0 217 217 253.0
10.70 218.0 218 218 253.0
10.75 221.0 221 221 253.0
10.80 223.0 223 223 253.0
10.85 224.0 224 224 253.0
10.90 224.0 224 224 253.0
10.95 225.0 225 225 253.0
11.00 228.0 228 228 253.0
11.05 229.0 229 229 253.0
11.10 229.0 229 229 253.0
11.15 230.0 230 230 253.0
11.20 230.0 230 230 253.0
11.25 230.0 230 230 253.0
11.30 230.0 230 230 253.0
11.35 229.0 229 229 253.0
11.40 228.0 228 228 253.0
11.45 226.0 226 226 253.0
11.50 225.0 225 225 253.0
11.55 224.0 224 224 253.0
11.60 224.0 224 224 253.0
11.65 222.0 222 222 253.0
11.70 221.0 221 221 253.0
11.75 218.0 218 218 253.0
11.80 217.0 217 217 253.0
11.85 216.0 216 216 253.0
11.90 216.0 216 216 253.0
11.95 215.0 215 215 253.0
12.00 215.0 215 215 253.0
12.05 214.0 214 214 253.0
12.10 214.0 214 214 253.0
12.15 214.0 214 214 253.0
12.20 214.0 214 214 253.0
12.25 215.0 215 215 253.0
12.30 216.0 216 216 253.0
12.35 216.0 216 216 253.0
12.40 217.0 217 217 253.0
12.45 217.0 217 217 253.0
12.50 219.0 219 219 253.0
12.55 222.0 222 222 253.0
12.60 223.0 223 223 253.0
12.65 224.0 224 224 253.0
12.70 224.0 224 224 253.0
12.75 226.0 226 226 253.0
12.80 228.0 228 228 253.0
12.85 229.0 229 229 253.0
12.90 229.0 229 229 253.0
12.95 230.0 230 230 253.0
13.00 230.0 230 230 253.0
13.05 230.0 230 230 253.0
13.10 230.0 230 230 253.0
13.15 229.0 229 229 253.0
13.20 228.0 228 228 253.0
13.25 226.0 226 226 253.0
13.30 225.0 225 225 253.0
13.35 224.0 224 224 253.0
13.40 224.0 224 224 253.0
13.45 222.0 222 222 253.0
13.50 221.0 221 221 253.0
13.55 218.0 218 218 253.0
13.60 217.0 217 217 253.0
13.65 216.0 216 216 253.0
13.70 216.0 216 216 253.0
13.75 215.0 215 215 253.0
13.80 215.0 215 215 253.0
13.85 214.0 214 214 253.0
13.90 214.0 214 214 253.0
13.95 214.0 214 214 253.0
14.00 214.0 214 214 253.0
14.05 215.0 215 215 253.0
14.10 216.0 216 216 253.0
14.15 216.0 216 216 253.0
14.20 217.0 217 217 253.0
14.25 217.0 217 217 253.0
14.30 219.0 219 219 253.0
14.35 222.0 222 222 253.0
14.40 223.0 223 223 253.0
14.45 224.0 224 224 253.0
14.50 224.0 224 224 253.0
14.55 226.0 226 226 253.0
14.60 228.0 228 228 253.0
14.65 229.0 229 229 253.0
14.70 229.0 229 229 253.0
14.75 230.0 230 230 253.0
14.80 230.0 230 230 253.0
14.85 230.0 230 230 253.0
14.90 230.0 230 230 253.0
14.95 229.0 229 229 253.0
