# animator_duration_scale=0; t_s mask_mean min max (crop x120-380,y156-168 of 540x1110; t = (frame-1)/20)
0.00 196.0 196 196
0.05 196.0 196 196
0.10 196.0 196 196
0.15 196.0 196 196
0.20 196.0 196 196
0.25 196.0 196 196
0.30 196.0 196 196
0.35 196.0 196 196
0.40 196.0 196 196
0.45 196.0 196 196
0.50 196.0 196 196
0.55 196.0 196 196
0.60 196.0 196 196
0.65 196.0 196 196
0.70 196.0 196 196
0.75 196.0 196 196
0.80 196.0 196 196
0.85 196.0 196 196
0.90 196.0 196 196
0.95 196.0 196 196
1.00 196.0 196 196
1.05 196.0 196 196
1.10 196.0 196 196
1.15 196.0 196 196
1.20 196.0 196 196
1.25 196.0 196 196
1.30 196.0 196 196
1.35 196.0 196 196
1.40 196.0 196 196
1.45 171.1 0 196
1.50 175.2 0 253
1.55 208.6 0 253
1.60 253.0 253 253
1.65 253.0 253 253
1.70 253.0 253 253
1.75 253.0 253 253
1.80 253.0 253 253
1.85 253.0 253 253
1.90 253.0 253 253
1.95 253.0 253 253
2.00 253.0 253 253
2.05 253.0 253 253
2.10 253.0 253 253
2.15 253.0 253 253
2.20 253.0 253 253
2.25 253.0 253 253
2.30 253.0 253 253
2.35 253.0 253 253
2.40 253.0 253 253
2.45 253.0 253 253
2.50 253.0 253 253
2.55 253.0 253 253
2.60 253.0 253 253
2.65 253.0 253 253
2.70 253.0 253 253
2.75 253.0 253 253
2.80 253.0 253 253
2.85 253.0 253 253
2.90 253.0 253 253
2.95 253.0 253 253
3.00 253.0 253 253
3.05 253.0 253 253
3.10 253.0 253 253
3.15 253.0 253 253
3.20 253.0 253 253
3.25 253.0 253 253
3.30 253.0 253 253
3.35 253.0 253 253
3.40 253.0 253 253
3.45 253.0 253 253
3.50 253.0 253 253
3.55 253.0 253 253
3.60 253.0 253 253
3.65 253.0 253 253
3.70 253.0 253 253
3.75 253.0 253 253
3.80 253.0 253 253
3.85 253.0 253 253
3.90 253.0 253 253
3.95 253.0 253 253
4.00 253.0 253 253
4.05 253.0 253 253
4.10 253.0 253 253
4.15 253.0 253 253
4.20 253.0 253 253
4.25 253.0 253 253
4.30 253.0 253 253
4.35 253.0 253 253
4.40 253.0 253 253
4.45 253.0 253 253
4.50 253.0 253 253
4.55 253.0 253 253
4.60 253.0 253 253
4.65 253.0 253 253
4.70 253.0 253 253
4.75 253.0 253 253
4.80 253.0 253 253
4.85 253.0 253 253
4.90 253.0 253 253
4.95 253.0 253 253
5.00 253.0 253 253
5.05 253.0 253 253
5.10 253.0 253 253
5.15 253.0 253 253
5.20 253.0 253 253
5.25 253.0 253 253
5.30 253.0 253 253
5.35 253.0 253 253
5.40 253.0 253 253
5.45 253.0 253 253
5.50 253.0 253 253
5.55 253.0 253 253
5.60 253.0 253 253
5.65 253.0 253 253
5.70 253.0 253 253
5.75 253.0 253 253
5.80 253.0 253 253
5.85 253.0 253 253
5.90 253.0 253 253
5.95 253.0 253 253
6.00 253.0 253 253
6.05 253.0 253 253
6.10 253.0 253 253
6.15 253.0 253 253
6.20 253.0 253 253
6.25 253.0 253 253
6.30 253.0 253 253
6.35 253.0 253 253
6.40 253.0 253 253
6.45 253.0 253 253
6.50 253.0 253 253
6.55 253.0 253 253
6.60 253.0 253 253
6.65 253.0 253 253
6.70 253.0 253 253
6.75 253.0 253 253
6.80 253.0 253 253
6.85 253.0 253 253
6.90 253.0 253 253
6.95 253.0 253 253
7.00 253.0 253 253
7.05 253.0 253 253
7.10 253.0 253 253
7.15 253.0 253 253
7.20 253.0 253 253
7.25 253.0 253 253
7.30 253.0 253 253
7.35 253.0 253 253
7.40 253.0 253 253
7.45 253.0 253 253
7.50 253.0 253 253
7.55 253.0 253 253
7.60 253.0 253 253
7.65 253.0 253 253
7.70 253.0 253 253
7.75 253.0 253 253
7.80 221.0 221 221
7.85 221.0 221 221
7.90 221.0 221 221
7.95 221.0 221 221
8.00 221.0 221 221
8.05 221.0 221 221
8.10 221.0 221 221
8.15 221.0 221 221
8.20 221.0 221 221
8.25 221.0 221 221
8.30 221.0 221 221
8.35 221.0 221 221
8.40 221.0 221 221
8.45 221.0 221 221
8.50 221.0 221 221
8.55 221.0 221 221
8.60 221.0 221 221
8.65 221.0 221 221
8.70 221.0 221 221
8.75 221.0 221 221
8.80 221.0 221 221
8.85 221.0 221 221
8.90 221.0 221 221
8.95 221.0 221 221
9.00 221.0 221 221
9.05 221.0 221 221
9.10 221.0 221 221
9.15 221.0 221 221
9.20 221.0 221 221
9.25 221.0 221 221
9.30 221.0 221 221
9.35 221.0 221 221
9.40 221.0 221 221
9.45 221.0 221 221
9.50 221.0 221 221
9.55 221.0 221 221
9.60 221.0 221 221
9.65 221.0 221 221
9.70 221.0 221 221
9.75 221.0 221 221
9.80 221.0 221 221
9.85 221.0 221 221
9.90 221.0 221 221
9.95 221.0 221 221
10.00 221.0 221 221
10.05 221.0 221 221
10.10 221.0 221 221
10.15 221.0 221 221
10.20 221.0 221 221
10.25 221.0 221 221
10.30 221.0 221 221
10.35 221.0 221 221
10.40 221.0 221 221
10.45 221.0 221 221
10.50 221.0 221 221
10.55 221.0 221 221
10.60 221.0 221 221
10.65 221.0 221 221
10.70 221.0 221 221
10.75 221.0 221 221
10.80 221.0 221 221
10.85 221.0 221 221
10.90 221.0 221 221
10.95 221.0 221 221
11.00 221.0 221 221
11.05 221.0 221 221
11.10 221.0 221 221
11.15 221.0 221 221
11.20 221.0 221 221
11.25 221.0 221 221
11.30 221.0 221 221
11.35 221.0 221 221
11.40 221.0 221 221
11.45 221.0 221 221
11.50 221.0 221 221
11.55 221.0 221 221
11.60 221.0 221 221
11.65 221.0 221 221
11.70 221.0 221 221
11.75 221.0 221 221
11.80 221.0 221 221
11.85 221.0 221 221
11.90 221.0 221 221
11.95 221.0 221 221
12.00 221.0 221 221
12.05 221.0 221 221
12.10 221.0 221 221
12.15 221.0 221 221
12.20 221.0 221 221
12.25 221.0 221 221
12.30 221.0 221 221
12.35 221.0 221 221
12.40 221.0 221 221
12.45 221.0 221 221
12.50 221.0 221 221
12.55 221.0 221 221
12.60 221.0 221 221
12.65 221.0 221 221
12.70 221.0 221 221
12.75 221.0 221 221
12.80 221.0 221 221
12.85 221.0 221 221
12.90 221.0 221 221
12.95 221.0 221 221
13.00 221.0 221 221
13.05 221.0 221 221
13.10 221.0 221 221
13.15 221.0 221 221
13.20 221.0 221 221
13.25 221.0 221 221
13.30 221.0 221 221
13.35 221.0 221 221
13.40 221.0 221 221
13.45 221.0 221 221
13.50 221.0 221 221
13.55 221.0 221 221
13.60 221.0 221 221
13.65 221.0 221 221
13.70 221.0 221 221
13.75 221.0 221 221
13.80 221.0 221 221
13.85 221.0 221 221
13.90 221.0 221 221
13.95 221.0 221 221
14.00 221.0 221 221
14.05 221.0 221 221
14.10 221.0 221 221
14.15 221.0 221 221
14.20 221.0 221 221
14.25 221.0 221 221
14.30 221.0 221 221
14.35 221.0 221 221
14.40 221.0 221 221
14.45 221.0 221 221
14.50 221.0 221 221
14.55 221.0 221 221
14.60 221.0 221 221
14.65 221.0 221 221
14.70 221.0 221 221
14.75 221.0 221 221
14.80 221.0 221 221
14.85 221.0 221 221
14.90 221.0 221 221
14.95 221.0 221 221
15.00 221.0 221 221
15.05 221.0 221 221
15.10 221.0 221 221
15.15 221.0 221 221
15.20 221.0 221 221
15.25 221.0 221 221
15.30 221.0 221 221
15.35 221.0 221 221
15.40 221.0 221 221
15.45 221.0 221 221
15.50 221.0 221 221
15.55 221.0 221 221
15.60 221.0 221 221
15.65 221.0 221 221
15.70 221.0 221 221
15.75 221.0 221 221
15.80 221.0 221 221
15.85 221.0 221 221
15.90 221.0 221 221
15.95 221.0 221 221
16.00 221.0 221 221
16.05 221.0 221 221
16.10 221.0 221 221
16.15 221.0 221 221
16.20 221.0 221 221
16.25 221.0 221 221
16.30 221.0 221 221
16.35 221.0 221 221
16.40 221.0 221 221
16.45 221.0 221 221
16.50 221.0 221 221
16.55 221.0 221 221
16.60 221.0 221 221
16.65 221.0 221 221
16.70 221.0 221 221
16.75 221.0 221 221
16.80 221.0 221 221
16.85 221.0 221 221
16.90 221.0 221 221
16.95 221.0 221 221
