# time_s mask_luma row_bg_luma fill_in_frame  (g5-android-dark-recalibrated.mp4: first leaderboard username mask x380-820 y345-372 vs row background x380-820 y400-440, resampled at 20 fps)
  0.00	  48.0	 16.0	 13.4%
  0.05	  49.0	 16.0	 13.8%
  0.10	  49.0	 16.0	 13.8%
  0.15	  50.5	 16.0	 14.4%
  0.20	  50.5	 16.0	 14.4%
  0.25	  51.0	 16.0	 14.6%
  0.30	  49.0	 16.0	 13.8%
  0.35	  48.0	 16.0	 13.4%
  0.40	  48.0	 16.0	 13.4%
  0.45	  47.0	 16.0	 13.0%
  0.50	  47.0	 16.0	 13.0%
  0.55	  46.0	 16.0	 12.6%
  0.60	  44.0	 16.0	 11.7%
  0.65	  41.0	 16.0	 10.5%
  0.70	  41.0	 16.0	 10.5%
  0.75	  40.0	 16.0	 10.0%
  0.80	  39.0	 16.0	  9.6%
  0.85	  37.0	 16.0	  8.8%
  0.90	  37.0	 16.0	  8.8%
  0.95	  37.0	 16.0	  8.8%
  1.00	  35.0	 16.0	  7.9%
  1.05	  35.0	 16.0	  7.9%
  1.10	  35.0	 16.0	  7.9%
  1.15	  35.0	 16.0	  7.9%
  1.20	  37.0	 16.0	  8.8%
  1.25	  37.0	 16.0	  8.8%
  1.30	  38.0	 16.0	  9.2%
  1.35	  39.0	 16.0	  9.6%
  1.40	  40.0	 16.0	 10.0%
  1.45	  40.0	 16.0	 10.0%
  1.50	  42.0	 16.0	 10.9%
  1.55	  44.0	 16.0	 11.7%
  1.60	  46.0	 16.0	 12.6%
  1.65	  47.0	 16.0	 13.0%
  1.70	  47.0	 16.0	 13.0%
  1.75	  48.0	 16.0	 13.4%
  1.80	  48.0	 16.0	 13.4%
  1.85	  49.0	 16.0	 13.8%
  1.90	  51.0	 16.0	 14.6%
  1.95	  51.0	 16.0	 14.6%
  2.00	  51.0	 16.0	 14.6%
  2.05	  51.0	 16.0	 14.6%
  2.10	  49.0	 16.0	 13.8%
  2.15	  49.0	 16.0	 13.8%
  2.20	  48.0	 16.0	 13.4%
  2.25	  47.0	 16.0	 13.0%
  2.30	  47.0	 16.0	 13.0%
  2.35	  47.0	 16.0	 13.0%
  2.40	  45.0	 16.0	 12.1%
  2.45	  41.0	 16.0	 10.5%
  2.50	  41.0	 16.0	 10.5%
  2.55	  40.0	 16.0	 10.0%
  2.60	  40.0	 16.0	 10.0%
  2.65	  40.0	 16.0	 10.0%
  2.70	  38.0	 16.0	  9.2%
  2.75	  35.0	 16.0	  7.9%
  2.80	  35.0	 16.0	  7.9%
  2.85	  35.0	 16.0	  7.9%
  2.90	  35.0	 16.0	  7.9%
  2.95	  37.0	 16.0	  8.8%
  3.00	  37.0	 16.0	  8.8%
  3.05	  38.0	 16.0	  9.2%
  3.10	  38.0	 16.0	  9.2%
  3.15	  40.0	 16.0	 10.0%
  3.20	  40.0	 16.0	 10.0%
  3.25	  41.0	 16.0	 10.5%
  3.30	  41.0	 16.0	 10.5%
  3.35	  46.0	 16.0	 12.6%
  3.40	  46.0	 16.0	 12.6%
  3.45	  47.0	 16.0	 13.0%
  3.50	  48.0	 16.0	 13.4%
  3.55	  48.0	 16.0	 13.4%
  3.60	  49.0	 16.0	 13.8%
  3.65	  51.0	 16.0	 14.6%
  3.70	  51.0	 16.0	 14.6%
  3.75	  51.0	 16.0	 14.6%
  3.80	  51.0	 16.0	 14.6%
  3.85	  51.0	 16.0	 14.6%
  3.90	  49.0	 16.0	 13.8%
  3.95	  49.0	 16.0	 13.8%
  4.00	  48.0	 16.0	 13.4%
  4.05	  48.0	 16.0	 13.4%
  4.10	  47.0	 16.0	 13.0%
  4.15	  47.0	 16.0	 13.0%
  4.20	  47.0	 16.0	 13.0%
  4.25	  47.0	 16.0	 13.0%
  4.30	  40.0	 16.0	 10.0%
  4.35	  40.0	 16.0	 10.0%
  4.40	  40.0	 16.0	 10.0%
  4.45	  38.0	 16.0	  9.2%
  4.50	  37.0	 16.0	  8.8%
  4.55	  37.0	 16.0	  8.8%
  4.60	  35.0	 16.0	  7.9%
  4.65	  35.0	 16.0	  7.9%
  4.70	  35.0	 16.0	  7.9%
  4.75	  35.0	 16.0	  7.9%
  4.80	  35.0	 16.0	  7.9%
  4.85	  35.0	 16.0	  7.9%
  4.90	  35.0	 16.0	  7.9%
  4.95	  40.0	 16.0	 10.0%
  5.00	  40.0	 16.0	 10.0%
  5.05	  40.0	 16.0	 10.0%
  5.10	  41.0	 16.0	 10.5%
  5.15	  45.0	 16.0	 12.1%
  5.20	  47.0	 16.0	 13.0%
  5.25	  47.0	 16.0	 13.0%
  5.30	  47.0	 16.0	 13.0%
  5.35	  49.0	 16.0	 13.8%
  5.40	  49.0	 16.0	 13.8%
  5.45	  49.0	 16.0	 13.8%
  5.50	  51.0	 16.0	 14.6%
  5.55	  51.0	 16.0	 14.6%
  5.60	  51.0	 16.0	 14.6%
  5.65	  51.0	 16.0	 14.6%
  5.70	  49.0	 16.0	 13.8%
  5.75	  49.0	 16.0	 13.8%
  5.80	  48.0	 16.0	 13.4%
  5.85	  48.0	 16.0	 13.4%
  5.90	  47.0	 16.0	 13.0%
  5.95	  45.0	 16.0	 12.1%
  6.00	  42.0	 16.0	 10.9%
  6.05	  42.0	 16.0	 10.9%
  6.10	  42.0	 16.0	 10.9%
  6.15	  42.0	 16.0	 10.9%
  6.20	  40.0	 16.0	 10.0%
  6.25	  40.0	 16.0	 10.0%
  6.30	  37.0	 16.0	  8.8%
  6.35	  35.0	 16.0	  7.9%
  6.40	  35.0	 16.0	  7.9%
  6.45	  35.0	 16.0	  7.9%
  6.50	  35.0	 16.0	  7.9%
  6.55	  35.0	 16.0	  7.9%
  6.60	  35.0	 16.0	  7.9%
  6.65	  37.0	 16.0	  8.8%
  6.70	  39.0	 16.0	  9.6%
  6.75	  40.0	 16.0	 10.0%
  6.80	  40.0	 16.0	 10.0%
  6.85	  40.0	 16.0	 10.0%
  6.90	  41.0	 16.0	 10.5%
  6.95	  45.0	 16.0	 12.1%
  7.00	  47.0	 16.0	 13.0%
  7.05	  47.0	 16.0	 13.0%
  7.10	  47.0	 16.0	 13.0%
  7.15	  48.0	 16.0	 13.4%
  7.20	  49.0	 16.0	 13.8%
  7.25	  49.0	 16.0	 13.8%
  7.30	  51.0	 16.0	 14.6%
  7.35	  51.0	 16.0	 14.6%
  7.40	  51.0	 16.0	 14.6%
  7.45	  51.0	 16.0	 14.6%
  7.50	  51.0	 16.0	 14.6%
  7.55	  49.0	 16.0	 13.8%
  7.60	  48.0	 16.0	 13.4%
  7.65	  48.0	 16.0	 13.4%
  7.70	  47.0	 16.0	 13.0%
  7.75	  45.0	 16.0	 12.1%
  7.80	  45.0	 16.0	 12.1%
  7.85	  41.0	 16.0	 10.5%
  7.90	  40.0	 16.0	 10.0%
  7.95	  40.0	 16.0	 10.0%
  8.00	  40.0	 16.0	 10.0%
  8.05	  38.0	 16.0	  9.2%
  8.10	  37.0	 16.0	  8.8%
  8.15	  35.0	 16.0	  7.9%
  8.20	  35.0	 16.0	  7.9%
  8.25	  35.0	 16.0	  7.9%
  8.30	  35.0	 16.0	  7.9%
  8.35	  35.0	 16.0	  7.9%
  8.40	  35.0	 16.0	  7.9%
  8.45	  37.0	 16.0	  8.8%
  8.50	  38.0	 16.0	  9.2%
  8.55	  39.0	 16.0	  9.6%
  8.60	  40.0	 16.0	 10.0%
  8.65	  42.0	 16.0	 10.9%
  8.70	  42.0	 16.0	 10.9%
  8.75	  42.0	 16.0	 10.9%
  8.80	  46.0	 16.0	 12.6%
  8.85	  47.0	 16.0	 13.0%
  8.90	  47.0	 16.0	 13.0%
  8.95	  49.0	 16.0	 13.8%
  9.00	  49.0	 16.0	 13.8%
  9.05	  51.0	 16.0	 14.6%
  9.10	  51.0	 16.0	 14.6%
  9.15	  51.0	 16.0	 14.6%
  9.20	  51.0	 16.0	 14.6%
  9.25	  51.0	 16.0	 14.6%
  9.30	  49.0	 16.0	 13.8%
  9.35	  49.0	 16.0	 13.8%
  9.40	  48.0	 16.0	 13.4%
  9.45	  47.0	 16.0	 13.0%
  9.50	  47.0	 16.0	 13.0%
  9.55	  45.0	 16.0	 12.1%
  9.60	  45.0	 16.0	 12.1%
  9.65	  41.0	 16.0	 10.5%
  9.70	  40.0	 16.0	 10.0%
  9.75	  40.0	 16.0	 10.0%
  9.80	  39.0	 16.0	  9.6%
  9.85	  39.0	 16.0	  9.6%
  9.90	  37.0	 16.0	  8.8%
  9.95	  37.0	 16.0	  8.8%
 10.00	  37.0	 16.0	  8.8%
 10.05	  35.0	 16.0	  7.9%
 10.10	  35.0	 16.0	  7.9%
 10.15	  35.0	 16.0	  7.9%
 10.20	  35.0	 16.0	  7.9%
 10.25	  37.0	 16.0	  8.8%
 10.30	  38.0	 16.0	  9.2%
 10.35	  39.0	 16.0	  9.6%
 10.40	  40.0	 16.0	 10.0%
 10.45	  41.0	 16.0	 10.5%
